1.00078828506754358152  3.14842629234807835914  115  125
0.99156437817207065955  3.14708753947079378221  114  126
0.98050821853607217360  3.14575554318080063965  113  127
0.96742436508256757222  3.14456779234699945746  112  128
0.95316963953616595795  3.14334656499093112458  111  129
0.93738153572539084646  3.14231723828697528944  110  130
0.92030179642099485537  3.14143531649362284242  109  131
0.90168859050110339304  3.14085824235346100508  108  132
0.88130939731544566396  3.14115412540745841952  107  133
0.85988814095621468603  3.14162019298930283995  106  134
0.83743509020575979118  3.14298638380581563112  105  135
0.81402018835988965151  3.14504556893828235431  104  136
0.78947275071311362460  3.14821832565773407353  103  137
0.76405440873075192165  3.13630832008396875921  102  137
0.73832695995215513740  3.14230578856390652120  101  138
0.71219985837410715313  3.13304841076336026973  100  138
0.71199192124881283128  3.15018942814100100236  100  139
0.68561673796460120833  3.14293878317280306334   99  139
0.65922115277516646348  3.13721179077706224803   98  139
0.63288842510561149624  3.13297248212627010844   97  139
0.60632832941278103078  3.15024680194611184092   96  140
0.58042111106444516100  3.15067397892107026180   95  140
0.55521850709864084550  3.13219886333552510749   94  139
0.53002397652885435697  3.13623323076926441288   93  139
0.50529261820952109385  3.14273860945349881035   92  139
0.48103746323032753329  3.15189342092928637129   91  139
0.45752107878295056320  3.13780555822601625593   90  138
0.43435649112849267217  3.15218879440673838133   89  138
0.41155999008728205713  3.13959126561577184233   88  137
0.38900874036235233433  3.12584875906183956573   87  136
0.36753685190994278553  3.14895623130483626184   86  136
0.34588395051905757027  3.13757550170408228141   85  135
0.32460292607906138240  3.12536907126076535235   84  134
0.30490661409787356284  3.15925820083867048282   83  134
0.28481702028106614666  3.15021010924204691861   82  133
0.26461858333079202321  3.13870775828381587402   81  132
0.24464498476034832186  3.12556545950395969768   80  131
0.22496068051647175046  3.11077221578435425542   79  130
0.20875455921649743729  3.17112532480863906770   78  130
0.19001025888455480573  3.16032018590281671422   77  129
0.17144928364183437131  3.14725879848784773074   76  128
0.15253110731948443801  3.12904869530322260474   75  127
0.13450642247074848235  3.10725301507275508683   74  126
0.12207169907283155208  3.22039961988301559614   73  126
0.11641973237158417809  3.07623381461013245541   73  125
0.10428638368700778039  3.20566533954325194600   72  125
0.08668334454207889117  3.18284678701159728931   71  124
0.06871164722461882424  3.14293844871794947338   70  123
0.05095043694831113273  3.07013144238023372168   69  122
0.03365431512546464277  2.91299672021544875378   68  121
0.02459253587978371333  3.41596931311021512201   67  121
0.00671029478878893294  3.49815466191481494462   66  120
0.01217853945459983038  0.18119382434526232206   65  119
0.02704846525372642252  0.27027892213224224971   64  118
0.03384038060621528260  6.07967897115474453784   63  118
0.05603908010016735164  6.24503301177474590133   62  117
0.07500020212571245626  0.04011963973146093210   61  116
0.09460299180720417589  0.08624483068737742730   60  115
0.09950320964430563186  6.23029177856412186287   59  115
0.11888324156550220123  0.00058018644844926026   58  114
0.13942771165777825826  0.03791838898344901398   57  113
0.14348685738382108146  6.23020518159214997667   56  113
0.16415615591358878600  6.26861843654288897199   55  112
0.18546037721046038094  0.01398536355901836004   54  111
0.21016565803440689919  6.25965961243007118497   52  110
0.23217811605141527864  6.28094953061914562653   51  109
0.25497406837578528993  0.01336153617536117721   50  108
0.28028558227445127260  0.02069912604721035887   49  107
0.28064081852656602711  6.26439922112243596786   48  107
0.30441389735795298943  6.27422592925584154955   47  106
0.32882198289827535564  6.27967512777992720174   46  105
0.35367804596932039818  6.28208384499846772542   45  104
0.37894436124083497042  6.28112131494423664435   44  103
0.40459598156021536752  6.27749632580864069809   43  102
0.43033652219282775286  6.27187936783341459801   42  101
0.45646527001857628569  0.00382594390259871631   42  100
0.48261940766414807014  6.27610595362513468132   41   99
0.50900875649694587999  0.00077458795110685319   41   98
0.53536671276056624347  0.00553242857622104900   41   97
0.56156249964027982191  0.00723022394887651298   41   96
0.58747013564422778664  0.00687096773518292014   41   95
0.61303546307747025512  0.00443997519789907091   41   94
0.63820716050935955010  0.00054360535178954450   41   93
0.66293826534501576475  6.27855029022503696723   41   92
0.68742176651524311559  0.00423641842805566604   42   91
0.71112276832090903778  6.27952059221171854375   42   90
0.73438010789141949797  0.00222374607178199568   43   89
0.75685817403781818768  0.00696609365459022190   44   88
0.75709410042354874371  6.27590010415285970424   43   88
0.77915104117073086254  6.28013026878928926067   44   87
0.80016633037045326038  6.28282889701116520342   45   86
0.82037427299574794404  0.00170946577339892158   46   85
0.83973352119368827040  0.00305138872447840992   47   84
0.85828094824387435313  0.00379609741353192920   48   83
0.87673340537908306391  0.00337663794079789970   49   82
0.89202907107650486473  0.00393253841226692824   50   81
0.90787159840551512335  0.00358741942551688009   51   80
0.92263880400851894237  0.00289134594502549191   52   79
0.93612345798531970686  0.00185540019137964141   53   78
0.94863373783107018955  0.00074549877775287321   54   77
0.96011241404858660431  6.28268079255969791319   55   76
0.97126746731476676366  6.28153450824321435420   56   75
0.98041789727786698982  6.28021745750581938950   57   74
0.98874827077296090216  6.27904605618670874634   58   73
0.99606962643614471720  6.27806617733236294043   59   72
