0.99080000000000001403  3.14390244880340130607  117  117
0.98573014778048406725  3.14390062091202349137  115  119
0.97954584139608924520  3.14381066031313860520  114  120
0.96876816291470468911  3.14399885657465993916  113  121
0.95646664322821561832  3.14493952665283948988  112  122
0.94193194060522111855  3.14572178868304419552  111  123
0.92316781946490589217  3.14844218270866615939  110  124
0.90456297317526657142  3.15087640525495960020  109  125
0.88260717506287023060  3.15547771349202577085  108  126
0.87490119437854729778  3.13018200744027907945  108  125
0.85106762080463294051  3.13771345868794515610  107  126
0.82668005388712528791  3.14971467008417338462  106  127
0.79451625970651984510  3.13717279630919332334  105  127
0.76883251553511333665  3.15391686352983668939  104  128
0.76283307365682850865  3.12681589506993251604  104  127
0.73755267823929993032  3.14755730116305709743  103  128
0.70738312504047307083  3.14350187432680616695  102  128
0.67834171786195163190  3.14198885105364400516  101  128
0.65055193368105279639  3.14250453969259613274  100  128
0.62394017055109418646  3.14485537424621330871   99  128
0.59830390631126728618  3.14850880592070758723   98  128
0.57333642353080749299  3.15294666397338740893   97  128
0.54884080113882804941  3.15893838102503021759   96  128
0.54285001371555774430  3.12090915337812813135   96  127
0.52456634877372965153  3.16658290381021689797   95  128
0.51843450549505498692  3.12685713760293815255   95  127
0.49397542515317671707  3.13456761367629876958   94  127
0.46939928513090217743  3.14477337743347007404   93  127
0.44457326896575682929  3.15807794762817728440   92  127
0.41979484209802736538  3.17612438872326041661   91  127
0.41117053182356910757  3.12301419996797324785   91  126
0.38623745782575902297  3.14411975377490282568   90  126
0.36125974915531977594  3.17086957669268709736   89  126
0.35361944911979520390  3.10860611023523780716   89  125
0.32918680577375158958  3.14119615792375039831   88  125
0.30550559127261822656  3.18224960469786122275   87  125
0.29683236343069246965  3.10643494603983238989   87  124
0.27345240550566307647  3.15371760637727849286   86  124
0.24157726811835017466  3.11906215582005597042   85  123
0.22035513923592306429  3.18634370358752505581   84  123
0.18960644275085244970  3.15111522411727218440   83  122
0.15777276632761222386  3.09857063767189711001   82  121
0.13920869435654192880  3.20665798617740005483   81  121
0.10878058555995423484  3.14347590572164303779   80  120
0.07868073121571060591  3.02544351824665547213   79  119
0.06300008435094990589  3.23983845638177880844   78  119
0.03239739842986977952  3.02285082771442681349   77  118
0.02092406113432516285  3.69851656861527899878   76  118
0.01403722499263765355  1.65854484895600928773   76  117
0.01333091109561970571  6.21647303588961630538   75  117
0.03099309201114086934  5.74376389775543927385   74  117
0.04502519617248001288  0.20431249222513669928   74  116
0.05708654013695938639  6.17493454152135612389   73  116
0.08804913470952376031  0.03623898020594329417   72  115
0.10051867368716967122  6.15572182268473078182   71  115
0.12027159772381074143  0.10069549274223676960   71  114
0.13071774131748378767  6.25143603970842942630   70  114
0.16392279580000690409  0.02273586821616624398   69  113
0.17394322503803796853  6.20967887746799807047   68  113
0.19840679845084738253  0.05403332196776955421   68  112
0.20675981436433427119  6.25624566047810404257   67  112
0.24050816971415445167  0.00507456202039802129   66  111
0.27667774147393631168  0.02286753826563248104   65  110
0.28488962705527742791  6.24945382247107694695   64  110
0.31215381448149731591  0.03578798035231112173   64  109
0.31863077949088081109  6.26992757960567459463   63  109
0.35440186577493376641  6.28009912819074944679   62  108
0.39286819858566979224  6.28022640868832748851   61  107
0.42586080641398077473  0.02572414547675427876   61  106
0.43172598727252853301  6.27283231842428357083   60  106
0.46388285445743288049  0.01240926559628152681   60  105
0.46927849257965714713  6.26268720370974918410   59  105
0.50094206198766733085  6.27947530352258365127   59  104
0.53218291010817342368  0.00604552435499861041   59  103
0.56236581677057473350  0.01114239275245676453   59  102
0.56716628536750890444  6.26708392248463841412   58  102
0.59141672470615558321  0.01242432336950671790   59  101
0.59618728747645377553  6.26968246955659935793   58  101
0.61920091219691320017  0.01134275181556798628   59  100
0.62397913873120058881  6.26976386671609375867   58  100
0.64580000777177748450  0.00864176428964347210   59   99
0.65061182030022535194  6.26809592613974508879   58   99
0.67143215736460315490  0.00518087852889537182   59   98
0.69641415455175170734  0.00158956200071136422   59   97
0.72095701772248654837  6.28054569501221493510   59   96
0.74533041319601989194  6.27581782475683791489   59   95
0.76441376404430483316  0.00747616383649263305   60   94
0.78895908487314370117  0.00095269059471836393   60   93
0.81385865592162665028  6.27693856965600360809   60   92
0.83283417221177191703  0.00381177513836195025   61   91
0.85074701584573009239  0.01197194613193364177   62   90
0.85770872307022116843  6.27684282708365426373   61   90
0.87581753387951477574  0.00066891886714715021   62   89
0.89395035052738180958  0.00481453899409478581   63   88
0.91125284424685204510  0.00784541479335398861   64   87
0.91791066436578494514  6.27420382964164602413   63   87
0.92636628912603069530  0.01007619194070485946   65   86
0.93446473505559435324  6.27612213686001751967   64   86
0.94853039547567263856  6.27756519445997263063   65   85
0.96230616896068199573  6.27825129487817079621   66   84
0.97355717818667308894  6.27889822216273696398   67   83
0.98461888607294179021  6.27947038408330548975   68   82
0.99373616923400454048  6.28017281911647806680   69   81
1.00141727992410900505  6.28100667419449898432   70   80
