0.99613341380416775550  5.44309115133566212563   39  110
0.99186187991080976278  5.37199221131818216435   39  111
0.99050114420622570321  5.53163419633257547048   40  109
0.98141483730306411370  5.46276142959739985372   40  110
0.97578947340574606617  5.39064035478701875093   40  111
0.98302564308280104832  5.32182279413412029356   40  112
0.99561291805831508839  5.25416900952336973774   40  113
0.99842898877391605961  5.61976610880190552422   41  108
0.97649866873184387739  5.55262059153733211758   41  109
0.96601695483641314421  5.48291220788636035621   41  110
0.95900784648571058000  5.40971371623114372085   41  111
0.96500319429293157647  5.33952433042934515584   41  112
0.97645419265601030023  5.27036453146736327824   41  113
0.99556380748901573963  5.20554848962662042311   41  114
0.98502588519162825875  5.64192451766731117857   42  108
0.96164644001205845658  5.57431439574158815731   42  109
0.94972768999830370351  5.50371885614220168748   42  110
0.94129394359942142323  5.42936877192070177500   42  111
0.94601046668304711318  5.35770629748807092341   42  112
0.95629343337303429617  5.28692398719973244425   42  113
0.97439660928641413928  5.22041711703145239198   42  114
0.97222832231883626886  5.66501638655631190034   43  108
0.94734725886647486170  5.59702733273308083994   43  109
0.93392638166449359893  5.52560213713525527623   43  110
0.92399457123410178028  5.45013762510717558740   43  111
0.92735529994881382709  5.37699541210464282415   43  112
0.93639345399274687143  5.30455681647476584573   43  113
0.95341837745913005087  5.23629929705700369880   43  114
0.97832132131649407469  5.17549899215611830527   43  115
0.99444388966486552128  5.75029386063475023150   44  107
0.95785684704496221187  5.68890570668541073474   44  108
0.93143779996300624102  5.62046914690450716279   44  109
0.91647622883285417839  5.54810684900227535366   44  110
0.90501218062201382875  5.47138919560900482963   44  111
0.90698872253506390706  5.39659774142265824537   44  112
0.91476406185427616702  5.32231608001230505067   44  113
0.93070391812452823999  5.25211786915897516081   44  114
0.95473081396648762365  5.18943773872688840498   44  115
0.98294281728963694977  5.13101820874350522672   44  116
0.98218295653049525473  5.77486653564513918724   45  107
0.94413049968209750151  5.71360457289918866053   45  108
0.91613337196325572709  5.64481697983904862070   45  109
0.89957643028756784087  5.57158578886444910694   45  110
0.88651612120399569950  5.49366113082691498448   45  111
0.88703846860309354394  5.41721738197165336715   45  112
0.89348039059387518446  5.34105750384642696815   45  113
0.90826888140856276710  5.26885270492480728421   45  114
0.93136244191245187718  5.20420792557738476347   45  115
0.95878943544940442578  5.14391201849246293420   45  116
0.99107367714383443058  5.09066830774584033747   45  117
0.97000990688257304750  5.80019223754017243522   46  107
0.93046917390368022449  5.73913549300426062416   46  108
0.90085618371194264853  5.67005914690923695787   46  109
0.88265319851319135047  5.59598900958227218894   46  110
0.86793920322803363998  5.51686094807311633303   46  111
0.86694566839313647044  5.43871851830350383494   46  112
0.87199439093162656178  5.36060109633010029029   46  113
0.88557792523761869052  5.28628215867676498618   46  114
0.90769445518423430563  5.21955245735313511091   46  115
0.93430174315432967802  5.15725888729435322233   46  116
0.96593826217638156795  5.10220587806475744941   46  117
0.95814181810850873600  5.82625943571269822030   47  107
0.91709334871299952319  5.76550737092400211736   47  108
0.88582833427452867259  5.69622947319075834116   47  109
0.86592774704937580665  5.62137684378308843947   47  110
0.84949940807327217751  5.54107611379314679567   47  111
0.84692240517548167400  5.46121017942011555135   47  112
0.85051044302540268482  5.38107224259774241659   47  113
0.86282670907502145852  5.30454086441678196451   47  114
0.88391387756126471587  5.23560846461788109707   47  115
0.90965844143060992089  5.17119476660554688863   47  116
0.94061440864035217313  5.11421577605305266445   47  117
0.97506382567451488352  5.06289494791556737852   47  118
0.99667843633486907784  5.90293479471287518834   48  106
0.94582175721927741474  5.85333986198121181133   48  107
0.90323531655726874146  5.79296082597512018708   48  108
0.87027188516764097947  5.72352490007958891738   48  109
0.84861365419861423121  5.64789070512609026053   48  110
0.83040507155429188479  5.56638228261527512331   48  111
0.82617534617762833360  5.48469472762855758674   48  112
0.82823810513967499602  5.40239529203157786696   48  113
0.83923211738556791062  5.32347629142653921974   48  114
0.85924836645761271114  5.25215510441178423662   48  115
0.88410124458414240944  5.18543826719785450052   48  116
0.91435956062470180594  5.12636807002515304532   48  117
0.94825621811249038995  5.07317333278934334828   48  118
0.98524993535604143968  5.02622258097219631878   48  119
0.98479730804152398882  5.92996135907232169160   49  106
0.93263846248934756389  5.88119229760397477236   49  107
0.88850254918127047343  5.82122362544833737985   49  108
0.85381602648671861555  5.75163880748439826363   49  109
0.83036417889760938404  5.67518741120350433960   49  110
0.81033681903749188447  5.59239554286773543623   49  111
0.80441363524156717091  5.50874806609386702405   49  112
0.80491738126401879416  5.42410531250845373563   49  113
0.81456606985559054657  5.34258642886379409020   49  114
0.83350100858664255554  5.26866168952362201594   49  115
0.85746470123214391101  5.19943690434744798523   49  116
0.88703802596925396262  5.13809786950528746274   49  117
0.92040254776015462124  5.08288000031801523448   49  118
0.95699464379564325167  5.03417960690450527750   49  119
0.99614800381973056531  4.99220454651185985284   49  120
0.97501333363042774760  5.95716015262173836931   50  106
0.92157983113474939429  5.90939743950464979605   50  107
0.87590452782877936677  5.85006453642265000781   50  108
0.83948058759621368985  5.78058456164014433654   50  109
0.81419218050672970133  5.70356693125168501268   50  110
0.79227903157189871752  5.61973736445818250473   50  111
0.78457047785905054127  5.53430681048608796857   50  112
0.78340812302375828491  5.44744064910504732779   50  113
0.79159812907181359432  5.36336853637054655763   50  114
0.80934381497358653945  5.28682059167476481321   50  115
0.83231696365398843973  5.21503330012942534211   50  116
0.86111640107687870138  5.15134667551542158037   50  117
0.89387079138455882710  5.09401859879810992027   50  118
0.92999450756032508991  5.04348104528075857900   50  119
0.96879756326671206956  4.99995428734130342718   50  120
0.96402802499635464883  5.98532862078585736754   51  106
0.90931720819164396641  5.93863000555043196727   51  107
0.86208523067005671248  5.87997431457531849475   51  108
0.82389147567415477180  5.81060828040108390269   51  109
0.79672073654144737187  5.73298076693325953102   51  110
0.77287272209464441541  5.64802158365502116055   51  111
0.76332649937025909281  5.56063570599132184213   51  112
0.76045399311616590499  5.47131475911111841981   51  113
0.76715460598996676467  5.38441355692533196731   51  114
0.78369685116374021572  5.30495876855710424280   51  115
0.80568229683860947965  5.23033602276142151055   51  116
0.83372436907882563339  5.16406408488203894080   51  117
0.86589585706458915837  5.10442624498387154119   51  118
0.90158511913396488513  5.05189379137541827447   51  119
0.94007455343027623851  5.00669844935617724957   51  120
0.98057643476394451554  4.96866887120102429520   51  121
0.95323466254326305602  6.01421125394176936396   52  106
0.89725901663613172321  5.96869907426517265492   52  107
0.84846607904592807881  5.91085686678392896454   52  108
0.80847733899918128309  5.84173803792974588589   52  109
0.77937644736927946809  5.76360249317551609494   52  110
0.75353131678155771400  5.67758440328030111743   52  111
0.74206943335298980458  5.58822628297233503503   52  112
0.73740557078523416568  5.49636268191982146902   52  113
0.74254045183690120524  5.40647254586182235414   52  114
0.75781634113053009116  5.32390736629115934875   52  115
0.77876605072291149590  5.24623249612003395015   52  116
0.80601846045356906334  5.17716953909418009516   52  117
0.83758769879863181895  5.11503869412615763679   52  118
0.87283344569091947385  5.06035775030377177330   52  119
0.91100752469725887472  5.01337197028725167769   52  120
0.95129198193832464892  4.97389260680116862545   52  121
0.99264395887293821463  4.93717838649810758511   52  122
0.99928918437402913799  6.07917403034215197977   53  105
0.94105796581265743761  6.04404419137393489336   53  106
0.88382646138321196982  5.99978285524791399297   53  107
0.83346707114040596842  5.94280248162993274263   53  108
0.79166190103336342432  5.87394455754867284014   53  109
0.76059415177553413301  5.79525395452137725982   53  110
0.73271150378269900294  5.70807117707660083283   53  111
0.71928857473379670395  5.61653179258270363050   53  112
0.71279764896023589671  5.52183557469177621613   53  113
0.71634722342993106814  5.42860323702687086467   53  114
0.73035725922499539209  5.34256138153069048968   53  115
0.75029319777993042084  5.26148263509971414464   53  116
0.77679428627351221337  5.18932682700631975337   53  117
0.80781208412779315076  5.12445579941317674866   53  118
0.84267193370697823784  5.06743822096346452355   53  119
0.88058967948711996954  5.01853018034066611364   53  120
0.92071290407386918719  4.97751771807421405924   53  121
0.96195947455245578439  4.93947866559769543926   53  122
0.99141210600565021771  6.10747194131597037625   54  105
0.93221675958833705167  6.07380908490954229961   54  106
0.87378063363901281591  6.03103903576809408094   54  107
0.82188905255941402395  5.97525278793827929746   54  108
0.77827191495239234076  5.90707053037707119358   54  109
0.74520018349533068136  5.82828516938875651476   54  110
0.71520264406465616780  5.74043288217861480405   54  111
0.69969237033379272361  5.64713502453508908729   54  112
0.69121184835825222326  5.54994888140155318013   54  113
0.69299060094331665915  5.45358496160934347330   54  114
0.70554822730141308895  5.36413565970913008840   54  115
0.72428865060566594014  5.27963652235857949790   54  116
0.74987459263024736078  5.20430371064765395772   54  117
0.78019438422797471322  5.13657641853585644753   54  118
0.81454098107659866912  5.07709256096830685578   54  119
0.85209462228477628187  5.02613174869668188904   54  120
0.89196739973189020922  4.98346237870748165477   54  121
0.93302684009404412979  4.94398529189848723320   54  122
0.97515443041721328044  4.91233220171439910473   54  123
0.98066676296352095488  6.13726790323141724315   55  105
0.92051052582713277506  6.10512588632372477093   55  106
0.86086630925464657782  6.06389157021783820056   55  107
0.80742238672253741072  6.00930176693475459615   55  108
0.76195698070457540396  5.94173197408171116507   55  109
0.72683160242813504848  5.86269231131433699034   55  110
0.69467203962267964901  5.77391889091504406650   55  111
0.67702882174785750102  5.67846427164408495969   55  112
0.66653409710128264098  5.57827215624988426157   55  113
0.66654660391911646489  5.47817423336490794128   55  114
0.67768873485543823509  5.38471068819536924366   55  115
0.69530450038960689430  5.29621897682448938838   55  116
0.72006977092471802226  5.21723065153993559306   55  117
0.74980314430337469123  5.14626654259773363975   55  118
0.78375532954694859811  5.08403854286663214879   55  119
0.82106185896186101303  5.03084236519797656229   55  120
0.86079254671398308663  4.98641319570475527456   55  121
0.90177323202034687100  4.94543525555079099831   55  122
0.94387420312465253325  4.91266884074871867938   55  123
0.98632403144579083865  4.88390004790827347847   55  124
0.97034272938024934696  6.16765070911449075908   56  105
0.90926321078449556801  6.13715267637100403419   56  106
0.84844488624869562887  6.09761634588065160045   56  107
0.79346610861974109508  6.04442265209696127926   56  108
0.74614546011329907493  5.97768791476646921268   56  109
0.70892789174036097144  5.89860258886456545468   56  110
0.67454438755531120897  5.80909698675691998915   56  111
0.65467455972360000249  5.71155263266314605630   56  112
0.64205851344137909731  5.60830153416028753810   56  113
0.64019709554950754438  5.50427295698068341778   56  114
0.64983215417322470753  5.40649346993238566483   56  115
0.66625387144783987381  5.31366541196194219765   56  116
0.69015398574942632415  5.23068696631455676282   56  117
0.71927727845609779056  5.15619011012536176963   56  118
0.75282744401859624794  5.09097687369459173112   56  119
0.78988996847059100848  5.03536263320244703579   56  120
0.82948764320744272638  4.98904390066332315001   56  121
0.87040280903099254139  4.94646665615122405057   56  122
0.91249075522648104286  4.91252585234695438032   56  123
0.95495787247211549875  4.88281815573396205110   56  124
0.99738585196003914923  4.85804036981426179409   56  125
0.95945514758265293409  6.19878963154154494219   57  105
0.89749023699965646550  6.17004085543978320061   57  106
0.83553324496176761826  6.13233637990482893798   57  107
0.77904014920531439170  6.08069269182721683364   57  108
0.72986321607799242717  6.01495088155086143900   57  109
0.69052470219374750826  5.93594405930503743463   57  110
0.65387127619402163337  5.84579134776535624951   57  111
0.63170235056297485698  5.74609753676580581327   57  112
0.61688689237550109468  5.63958469591958611034   57  113
0.61308104329991552905  5.53126373369503987476   57  114
0.62116141060003571273  5.42870775640256564287   57  115
0.63637123844891552160  5.33105595475237326042   57  116
0.65941641302342612896  5.24364342397466209889   57  117
0.68796208369833067309  5.16524292906040471962   57  118
0.72115689759349332899  5.09676221812897800589   57  119
0.75802824134399560130  5.03853477753225753588   57  120
0.79754548005813741263  4.99020565064935439636   57  121
0.83844973083713625339  4.94594913817083448038   57  122
0.88057200057398765658  4.91080200421731305482   57  123
0.92310027506705938372  4.88014733337305450789   57  124
0.96560130675151178981  4.85467040250189985073   57  125
0.94920307087465960461  6.23045057841976657187   58  105
0.88640177941740783130  6.20358370110157952837   58  106
0.82335424109855082087  6.16789230587935399797   58  107
0.76538037227154909203  6.11803493698409894819   58  108
0.71435595799915441173  6.05356900199872161039   58  109
0.67286948380227207256  5.97493363965526924630   58  110
0.63389021515181886990  5.88442939879444359974   58  111
0.60932192446704558364  5.78275111663485752445   58  112
0.59218296330034692065  5.67299187328309884037   58  113
0.58630034590567681185  5.56018999110396183738   58  114
0.59270920361638346208  5.45250108509136843793   58  115
0.60661700635649773439  5.34959204214461081506   58  116
0.62874912285859585470  5.25731234383650747333   58  117
0.65668625487753606862  5.17462530413101884363   58  118
0.68951557677071961816  5.10257016899954685130   58  119
0.72619908574453906347  5.04150343649204479846   58  120
0.76564639109580090448  4.99100952824681520781   58  121
0.80655479185584599833  4.94496171679392482190   58  122
0.84872651690294964588  4.90854365860609931360   58  123
0.89133102827441867966  4.87690280701815126463   58  124
0.93391868057755955679  4.85070814318827636669   58  125
0.97608527402359901437  4.82884228781111168871   58  126
0.93855698515931429426  6.26268720370974918410   59  105
0.87497185628329010587  6.23780938080177627114   59  106
0.81088772194201630406  6.20427459512336199055   59  107
0.75147592941853313953  6.15638323263385522921   59  108
0.69862714190512231749  6.09339988438120983005   59  109
0.65498598303968791345  6.01533406772145351482   59  110
0.61365321350538104550  5.92466104029747420157   59  111
0.58661991148108494354  5.82102991052186524712   59  112
0.56707641136670150495  5.70788084860782696239   59  113
0.55903607180736192284  5.59022848760948498636   59  114
0.56371488290230598039  5.47686922063617664946   59  115
0.57629733703876162565  5.36810255208760889190   59  116
0.59752835602963816353  5.27039752693434238040   59  117
0.62489713319745576747  5.18296116423077712909   59  118
0.65741869818461440289  5.10698947857054541544   59  119
0.69397895667292186506  5.04285893402968810051   59  120
0.73341953413397920070  4.99007312867746932739   59  121
0.77439642683492548869  4.94216016056012819035   59  122
0.81667225605284865519  4.90445501710904530057   59  123
0.85940263986071063762  4.87183918642996971471   59  124
0.90211911982149739497  4.84495862274338229270   59  125
0.94441012260441659087  4.82261499636511636879   59  126
0.98678489513015055223  4.80066656824456217123   59  127
0.99158025123598869666  0.02726582250099585103   60  104
0.92776570891486576098  0.01240926559628152681   60  105
0.86345197454505706602  6.27283231842428357083   60  106
0.79838823731105046377  6.24162531969393352682   60  107
0.73758372188971543792  6.19592018622361795366   60  108
0.68293407866388622374  6.13468313371986884164   60  109
0.63712769270256863763  6.05745843004475315041   60  110
0.59340498547171316446  5.96689132917688969115   60  111
0.56382245722504498175  5.86142327189063738757   60  112
0.54176620317185197884  5.74479991736031880833   60  113
0.53145395415989016286  5.62192881927488308236   60  114
0.53431186982814593556  5.50229930779543519037   60  115
0.54551868914266643529  5.38697622451900315355   60  116
0.56584174863508840403  5.28318290555877112524   60  117
0.59267036483261281710  5.19044532111631262694   60  118
0.62493480308373106080  5.11015073367804362192   60  119
0.66143212248853966440  5.04269192005049315952   60  120
0.70092623442507473452  4.98746582116064551826   60  121
0.74203327200167223943  4.93760266743364617525   60  122
0.78446536870523675411  4.89859155707968962901   60  123
0.82736867645397693671  4.86501277327473324874   60  124
0.87025358934392549326  4.83748098365813206101   60  125
0.91270215212342209465  4.81470627347388191453   60  126
0.95524721625549791071  4.79238274848209400147   60  127
0.99576329098712779153  4.77699109769428442718   60  128
0.98095483744495548528  0.05903745863944531713   61  104
0.91670758521791595452  0.04622436646548622186   61  105
0.85172161282796154946  0.02572414547675427876   61  106
0.78573639717133958449  6.28022640868832748851   61  107
0.72358418622275877397  6.23695842654308307829   61  108
0.66715511714579722735  6.17776981289303783740   61  109
0.61916739177915114389  6.10170303075662801007   61  110
0.57300986354506955323  6.01157287140035911932   61  111
0.54077736730721759351  5.90442089037080108938   61  112
0.51607774179514886992  5.78423716562482326253   61  113
0.50335412422584835390  5.65570151415262234451   61  114
0.50427985529801511166  5.52904777881241660253   61  115
0.51405078157858352661  5.40627717138918217898   61  116
0.53346086790429347868  5.29555046635581039283   61  117
0.55978841250628086357  5.19681686401893916383   61  118
0.59186209811304324457  5.11169988274326048128   61  119
0.62837350248527878982  5.04059984312081965641   61  120
0.66799657330189288196  4.98276900261139310544   61  121
0.70930963280153680461  4.93087042087793392398   61  122
0.75196113020759314249  4.89054788072888868555   61  123
0.79509354435344492540  4.85603619760358995450   61  124
0.83819354561734915610  4.82790813376349525754   61  125
0.88083823808971539737  4.80476936228177109456   61  126
0.92359161548532886510  4.78213700955137177573   61  127
0.96425994262769632037  4.76667258595083431771   61  128
0.96934128992903667577  0.09207814799367408654   62  104
0.90471697098688919070  0.08145113988690844131   62  105
0.83911439148580069247  0.06339141553897631454   62  106
0.77226398213048863539  0.03746321623956827551   62  107
0.70880373154986753281  6.28009912819074944679   62  108
0.65060772559634916234  6.22328443396663377740   62  109
0.60040944119986794369  6.14870101368608334980   62  110
0.55175816616378103863  6.05933859909713223857   62  111
0.51675516841638680088  5.95059823715620428430   62  112
0.48926159238073380076  5.82663140289336567434   62  113
0.47397279424817290172  5.69172594421606969917   62  114
0.47285632436487429198  5.55693303849425213059   62  115
0.48115500884442230500  5.42542822930747892229   62  116
0.49969110717746278993  5.30658327789120409790   62  117
0.52561384534271493596  5.20091540472834168440   62  118
0.55762422874753136970  5.11033829259791172461   62  119
0.59428411836357009079  5.03523262489250811313   62  120
0.63416094224455255013  4.97463987445105360052   62  121
0.67580132878546972375  4.92065348631182164496   62  122
0.71877051205987851912  4.87906819099223998393   62  123
0.76221793892994760267  4.84371258758711142889   62  124
0.80560330878924379938  4.81510302474540186068   62  125
0.84850155832272899925  4.79172440368309615621   62  126
0.89151960387368711647  4.76890197800793114169   62  127
0.93237721594877676079  4.75348580517125185452   62  128
0.97171960997358430845  4.74112714929568657141   62  129
0.96047882082028879225  0.12487609182959547027   63  104
0.89555423481196727575  0.11651442037534542884   63  105
0.82942339199265069372  0.10103380762121894065   63  106
0.76180808649290243650  0.07808453811484805662   63  107
0.69714023129383140276  0.04062392672193970711   63  108
0.63726155898176162218  6.26992757960567459463   63  109
0.58489406290100298680  6.19759152361072285231   63  110
0.53374215543291347874  6.10999013865630580256   63  111
0.49585462592858897679  6.00070281752556589083   63  112
0.46535268681986441397  5.87388698178972568087   63  113
0.44719251179155133924  5.73310038082815598415   63  114
0.44369687716506078790  5.59002241802750798882   63  115
0.45020884659750204371  5.44919014895916031804   63  116
0.46762022022249882802  5.32141884004892773419   63  117
0.49295149540633659280  5.20803680327802354100   63  118
0.52476606747802134745  5.11136834330442102470   63  119
0.56148105607423848262  5.03180147153571688534   63  120
0.60154414728837379833  4.96814055477082483492   63  121
0.64345526423567955820  4.91184996721136091224   63  122
0.68669873002648984528  4.86886634985057931146   63  123
0.73042343288291178283  4.83257356351449463006   63  124
0.77406208512121321696  4.80341958038901140071   63  125
0.81718606370760182855  4.77975671814041547236   63  126
0.86044091724552806966  4.75670674828693051950   63  127
0.90146677472502245720  4.74131439666866150162   63  128
0.94094885830902463830  4.72906048490675701146   63  129
0.97964640689817261698  4.71707270625376295925   63  130
0.95166418141579089962  0.15872101591576237567   64  104
0.88650785602641390959  0.15275831822381058522   64  105
0.81992223066435010459  0.14003588883138662347   64  106
0.75162245334415966891  0.12031218274961807957   64  107
0.68581850285952494772  0.08628012489821990094   64  108
0.62430762896299463183  0.03578798035231112173   64  109
0.56977925411055485583  6.24945382247107694695   64  110
0.51609994835540251579  6.16433610524104036443   64  111
0.47520670384624852378  6.05514720083522561822   64  112
0.44149845224372680219  5.92589558697675400367   64  113
0.42020579571601296420  5.77903032771887570362   64  114
0.41407479068323466143  5.62670244822036114130   64  115
0.41861312006405954067  5.47508202551266798253   64  116
0.43481363594264088590  5.33684029781123570046   64  117
0.45955499961566120826  5.21444430398267222415   64  118
0.49123198503132115000  5.11077098542477425980   64  119
0.52808458807186886563  5.02620024215139515888   64  120
0.56841791266346730627  4.95920852761729058500   64  121
0.61068386659048901066  4.90049523711431689321   64  122
0.65426935288615928332  4.85612280070419721767   64  123
0.69832961079052646713  4.81895404447812047977   64  124
0.74226787502990154710  4.78934872941029610161   64  125
0.78565417318844732453  4.76550685881165758673   64  126
0.82918137504550692984  4.74232979416744093726   64  127
0.87039708956077577184  4.72706554699503200823   64  128
0.91003490013939059011  4.71501374315197718801   64  129
0.94888929843691915966  4.70321043093401947033   64  130
0.98561041803717741594  4.69463665472054358929   64  131
0.94127659861522683382  0.19488782877104871005   65  104
0.87596088560269669276  0.19154756208656165128   65  105
0.80899250282798940148  0.18185814484744922126   65  106
0.74008306586103123070  0.16571178765951777301   65  107
0.67319750919488707819  0.13554251882345647040   65  108
0.61007650075122543676  0.08896941490975618372   65  109
0.55335548294787262336  0.02286753826563248104   65  110
0.49708068881439781972  6.22415631099361998935   65  111
0.45300613688400404033  6.11560551375086536297   65  112
0.41583766546673006648  5.98406365469258982870   65  113
0.39110244124870441329  5.83033484648729682931   65  114
0.38206410099156795646  5.66683754554356600153   65  115
0.38448732563927257022  5.50180343251584869080   65  116
0.39949906508983951126  5.35049107533565404538   65  117
0.42380329651190745688  5.21703131996060331943   65  118
0.45556484325899887500  5.10504287716342908254   65  119
0.49278987274056501589  5.01480849180825316580   65  120
0.53360571049193605830  4.94427962532031983756   65  121
0.57642644345990556864  4.88314891137936779586   65  122
0.62050931851807944462  4.83756928107096584313   65  123
0.66503642995072720367  4.79976216061027294302   65  124
0.70937784371705059350  4.76996988528612231306   65  125
0.75310820059465288789  4.74621306020222011313   65  126
0.79698727897993515423  4.72315263487978942436   65  127
0.83844190017422604022  4.70824992958544719102   65  128
0.87827243596959458927  4.69661223818899031812   65  129
0.91732016468912047635  4.68518287439515646042   65  130
0.95418320768599029780  4.67702122394846764308   65  131
0.98973899323933656191  4.66981378682367598287   65  132
0.99627696797025633302  0.22698390473219065555   66  103
0.93313497772439024658  0.23144934166163033673   66  104
0.86775124445730855705  0.23083131402832779422   66  105
0.80050562905661892810  0.22433423523163598112   66  106
0.73111006193413130561  0.21201275708891897942   66  107
0.66327268973061370705  0.18611539299595603048   66  108
0.59866408836502227331  0.14410572895274209593   66  109
0.53983657319948774589  0.08237515919721172253   66  110
0.48101633942830890334  0.00507456202039802129   66  111
0.43367224456014213940  6.18202928909742777108   66  112
0.39280034900650945273  6.04998445917069016531   66  113
0.36419138364459835433  5.89053631671728084029   66  114
0.35171190654753731186  5.71556631480925503297   66  115
0.35152080815643510503  5.53550314113658181725   66  116
0.36498828474136491007  5.36887425164064246985   66  117
0.38865092398685974207  5.22230409078829094227   66  118
0.42040254827396927872  5.10054094121192846956   66  119
0.45796482198135601838  5.00377281946153207315   66  120
0.49925186690896028452  4.92926182431288406605   66  121
0.54262328399875026097  4.86548272463645137265   66  122
0.58719873296418556574  4.81863130572602571533   66  123
0.63218585915008629339  4.78018628468498718576   66  124
0.67692107938430778891  4.75024479031168311849   66  125
0.72098442135491414007  4.72662494267205790521   66  126
0.76520372979962769655  4.70372915929663548695   66  127
0.80688478855806700096  4.68924219868881220208   66  128
0.84689580014112542106  4.67806813056847659027   66  129
0.88612506390721512695  4.66705433587976070697   66  130
0.92311889374708111511  4.65934270316263532408   66  131
0.95879158393380892189  4.65255888422958285844   66  132
0.99330979945501818307  4.64658824844682527555   66  133
0.98665667459650852056  0.26336472133336452650   67  103
0.92372132501443871000  0.27035939133619280028   67  104
0.85836840081468368524  0.27269820342038797456   67  105
0.79095073317192254869  0.26968776539914918189   67  106
0.72118640209881268444  0.26157591162781868022   67  107
0.65250486519873152069  0.24045246476487158738   67  108
0.58649541937422278171  0.20367053029156800825   67  109
0.52560200550172853085  0.14716997338952553243   67  110
0.46425284915785169915  0.07566891011151111179   67  111
0.41351962872866854237  6.25624566047810404257   67  112
0.36869166244113626973  6.12489113144770769281   67  113
0.33579277733683332574  5.95982992480186712925   67  114
0.31940305804561192060  5.77135810309917385297   67  115
0.31627015491766719002  5.57233952328197101878   67  116
0.32813028887179429560  5.38595387480247644874   67  117
0.35132236309322223411  5.22274252368047520179   67  118
0.38335666005029989112  5.08911234463038741893   67  119
0.42156544665285411444  4.98493163053324384038   67  120
0.46359212777722291765  4.90631830484826991778   67  121
0.50775589967726619811  4.84008499865870867040   67  122
0.55300062048861930997  4.79236978582244166347   67  123
0.59859000153138453015  4.75373439537494135720   67  124
0.64382512323959473211  4.72409041719994782227   67  125
0.68830075760900855109  4.70102421496588718242   67  126
0.73293670747651062936  4.67866588050632348228   67  127
0.77488605486597961214  4.66493079004320154723   67  128
0.81510663068969324563  4.65451609315396108713   67  129
0.85454678145206008910  4.64417812789977801913   67  130
0.89168837797868871764  4.63714507050983648639   67  131
0.92749217475244416509  4.63098722041184096554   67  132
0.96212655454794893117  4.62559798616751560729   67  133
0.99450201565636897616  4.62248653998947478527   67  134
0.97924976338747060645  0.30004105137731951203   68  103
0.91661298252720779800  0.30960387736271810510   68  104
0.85139906363025164016  0.31497176263391546414   68  105
0.78393755892244509909  0.31557169586258337901   68  106
0.71395951148274316989  0.31186992231270727061   68  107
0.64460893867808433111  0.29588347537219106265   68  108
0.57738604316640873559  0.26495404939756994622   68  109
0.51460137310210640749  0.21471055386256998609   68  110
0.45089542017095501913  0.15063810375033992450   68  111
0.39681359690169476506  0.05403332196776955421   68  112
0.34788645007607593707  6.20967887746799807047   68  113
0.31024130921170561814  6.04191258456736779436   68  114
0.28920483291835913375  5.84058035555336640954   68  115
0.28235721210465469788  5.62017390451918252836   68  116
0.29206749886763649915  5.40966018864220465900   68  117
0.31453437720875637718  5.22578860251136934068   68  118
0.34679007095761732460  5.07771613034016944255   68  119
0.38566328683007139455  4.96487245513434594102   68  120
0.42846058698682087940  4.88172254076981815274   68  121
0.47344384745331374864  4.81294454567908402964   68  122
0.51936810729973725831  4.76448964087782655952   68  123
0.56556015417629867947  4.72583939259397034505   68  124
0.61128700775578248550  4.69668113564110178970   68  125
0.65616165968168727041  4.67434447867395963527   68  126
0.70120036020766551843  4.65267394027316782967   68  127
0.74340042296919339737  4.63982603158550421796   68  128
0.78381289443196411337  4.63028566620897308326   68  129
0.82344752770253604179  4.62071955248857868526   68  130
0.86072089111573979459  4.61444706383475544698   68  131
0.89664088555721466189  4.60898482247056406891   68  132
0.93137748755550742175  4.60423681062806178232   68  133
0.96380983689066113129  4.60174440137721507682   68  134
0.99548858031770226518  4.59935972334022302732   68  135
0.97138732861797083551  0.33834445465167028999   69  103
0.90915875490060193975  0.35061882145796707810   69  104
0.84420587162397253689  0.35919603514582854054   69  105
0.77683864891629494931  0.36364011307578114618   69  106
0.70680992250214791373  0.36466275898470756900   69  107
0.63696442972945843675  0.35425955448763435385   69  108
0.56870819897203850335  0.32983886695700559422   69  109
0.50419807690333839911  0.28683240766332707139   69  110
0.43831969547516719254  0.23173541631524030571   69  111
0.38095715663547308205  0.14337503204416401914   69  112
0.32784559160001380818  0.02273586821616624398   69  113
0.28505132691155687930  6.13840224883312401971   69  114
0.25863677158072440054  5.92421052868114372814   69  115
0.24733128086187952666  5.67762397998432000179   69  116
0.25453080561725593967  5.43513532588449610472   69  117
0.27636426949684489429  5.22396495163098606440   69  118
0.30917232140368611226  5.05788816725850765010   69  119
0.34906764088700859006  4.93526459917564785940   69  120
0.39292402519552321882  4.84773981843631673883   69  121
0.43896603814051893266  4.77699713893218369520   69  122
0.48572489496446524804  4.72857378105271664026   69  123
0.53263279741503177789  4.69064738245516821280   69  124
0.57892571121378977317  4.66264227408895859384   69  125
0.62424753026484802731  4.64161519774044961650   69  126
0.66973526314879561205  4.62113159887525348779   69  127
0.71220162268026043773  4.60959360716384480838   69  128
0.75281198551382710882  4.60128622058301850473   69  129
0.79264922603505660881  4.59280111489162745642   69  130
0.83005327962947528242  4.58755237170394103430   69  131
0.86608753530859450276  4.58301437099246822271   69  132
0.90092363423523491583  4.57910844477784095830   69  133
0.93340445763034829429  4.57740860556948447879   69  134
0.96513008702791291959  4.57574827720631205352   69  135
0.99467298487599220547  4.57600091261303454360   69  136
0.96343988154372772748  0.37765015626353970468   70  103
0.90173198075483873559  0.39273109369115477563   70  104
0.83716986879720756143  0.40464083173771792090   70  105
0.77004888561871120967  0.41309434428571112363   70  106
0.70015363981530553961  0.41906986262947554245   70  107
0.63002303317225916146  0.41459944634036682842   70  108
0.56096881665809505968  0.39724414949144004616   70  109
0.49498072541791343637  0.36238435276995439871   70  110
0.42722987464048922668  0.31778862742624069959   70  111
0.36681336630868793813  0.24019052369508142597   70  112
0.30962702493223553946  0.13046434009249097130   70  113
0.26143548263496757533  6.25143603970842942630   70  114
0.22886591797630764789  6.02680828976031346400   70  115
0.21211545547402166356  5.74920386780871162102   70  116
0.21626250596924345704  5.46353049834114212757   70  117
0.23758256417536144367  5.21539568339429404631   70  118
0.27138284179204236191  5.02685510787933154120   70  119
0.31273232501297326680  4.89369786210821100525   70  120
0.35795898265326908660  4.80261998839068304790   70  121
0.40529342280852975744  4.73108242476130858023   70  122
0.45301752644327974995  4.68390023643383202057   70  123
0.50072508559542405759  4.64774855308217293981   70  124
0.54762848073734893273  4.62177861972135506363   70  125
0.59341777092238201519  4.60278864014842703511   70  126
0.63937493222840335871  4.58410202792093901536   70  127
0.68210134808590672240  4.57436554330556965908   70  128
0.72289689134025003625  4.56769713701481094859   70  129
0.76292801312052016538  4.56063880888649286760   70  130
0.80044759902290774090  4.55670095467267444178   70  131
0.83658177280549728128  4.55333347636626495358   70  132
0.87150362809128689712  4.55048348831108206980   70  133
0.90401544673489098169  4.54975740535896377992   70  134
0.93577220275661088245  4.54898294714786466386   70  135
0.96529832466033371752  4.55006223003685761341   70  136
0.99552789343830283553  4.54975076522036392390   70  137
0.95575365283293245433  0.41772920985288197748   71  103
0.89468194489680274994  0.43568534717150386726   71  104
0.83064584293534093895  0.45101854235604155186   71  105
0.76393185470267155335  0.46360588528741497605   71  106
0.69436729417969023093  0.47470696231172482271   71  107
0.62418324790201229479  0.47645020621391420690   71  108
0.55460171326280771620  0.46663557980017378313   71  109
0.48743952507447324551  0.44075516174689766125   71  110
0.41820485925727030052  0.40810904380803747493   71  111
0.35510130316613275347  0.34394087051672861399   71  112
0.29415743547444267447  0.24994655930646691999   71  113
0.24054319544762148286  0.10069549274223676960   71  114
0.20103734737433934243  6.15572182268473078182   71  115
0.17745950235203372669  5.84385446388336404766   71  116
0.17762750894397474899  5.49788920262075997414   71  117
0.19856328137947446000  5.19726748805909188889   71  118
0.23394956049844933821  4.98043982652607208905   71  119
0.27727020874201613321  4.83681979401598205470   71  120
0.32418600155838095400  4.74409270963081830530   71  121
0.37302108770941544424  4.67376730634687831412   71  122
0.42179891797492086170  4.62959349196090919065   71  123
0.47034727219127281383  4.59663395654551898417   71  124
0.51786632630902318386  4.57381772205705150469   71  125
0.56410916565015090107  4.55774703331169206422   71  126
0.61052593211812555829  4.54157882392568446051   71  127
0.65348151873586868277  4.53420254428485680620   71  128
0.69442893653347859129  4.52962428949057649419   71  129
0.73462715936564071395  4.52437256471230675459   71  130
0.77223223388530104483  4.52205487383402626733   71  131
0.80843907950450577538  4.52012030228991701364   71  132
0.84342165393994339428  4.51855184908184703829   71  133
0.87593770012142191383  4.51898785739235897552   71  134
0.90770147456296323973  4.51926614807705284704   71  135
0.93718500705583718258  4.52131339285899969127   71  136
0.96741111060520557086  4.52189122383453856457   71  137
0.99575024238944387367  4.52412562220567604498   71  138
0.94808979719781860673  0.45855148687647506733   72  103
0.88777425611334381816  0.47944690593784966559   72  104
0.82440535729814945487  0.49828518486693473832   72  105
0.75826712499713078142  0.51511370413935630985   72  106
0.68924128123339378771  0.53148255100267771667   72  107
0.61925186718451286083  0.53966833232020650080   72  108
0.54943977014111722301  0.53778518444492506845   72  109
0.48145109949178332975  0.52159242681100281835   72  110
0.41119593411454968823  0.50214275207839231818   72  111
0.34590773697905552453  0.45391401019236132797   72  112
0.28176614028213176066  0.38070125163672541291   72  113
0.22307460100218917676  0.25429115589465878244   72  114
0.17609826941904752062  0.03623898020594329417   72  115
0.14392838473150876277  5.97583149293575388583   72  116
0.13861388694517828846  5.54135385796885060472   72  117
0.15949770536154023182  5.16065406490063871559   72  118
0.19745651178891890365  4.90882351769648295203   72  119
0.24343878776115634999  4.75754179000549815015   72  120
0.29238303088240014116  4.66740676179977231897   72  121
0.34289992087830500900  4.60184929838904022148   72  122
0.39277015342741677939  4.56338769851559078461   72  123
0.44215297217991250678  4.53563190778844749218   72  124
0.49025024047642085101  4.51746872812167943323   72  125
0.53689625411992647486  4.50545384940634630055   72  126
0.58373316979034561847  4.49271620478056554759   72  127
0.62686105471649489207  4.48838150406478586518   72  128
0.66790511652359541017  4.48643412875368241544   72  129
0.70822547966390925200  4.48344178132426840477   72  130
0.74587026476833140354  4.48310713274632810510   72  131
0.78210905377501371838  4.48291146087426994882   72  132
0.81711558889095980973  4.48288621466139858285   72  133
0.84959865261865685770  4.48470016606408439230   72  134
0.88133608347930314508  4.48622211533259296345   72  135
0.91074276007726817639  4.48939712368920673669   72  136
0.94093670343106705634  4.49101599090466407915   72  137
0.96919611409085693055  4.49421308101001315549   72  138
0.99690976265647535115  4.49738176035820469423   72  139
0.99760403603385749971  0.47582849296770035608   73  102
0.94145777779613581959  0.49942069365291263949   73  103
0.88200700903839623912  0.52323892043940634089   73  104
0.81943683229777286581  0.54556725539343187137   73  105
0.75403552365965986759  0.56662446738499117060   73  106
0.68575016301048274947  0.58824535681324530145   73  107
0.61620654144524511509  0.60290440719589444285   73  108
0.54647807035934170550  0.60908796143427501590   73  109
0.47805278110054139074  0.60296370248562336513   73  110
0.40730877923695552045  0.59743004786893583180   73  111
0.34048709809945582050  0.56702601925893891810   73  112
0.27399500246481772736  0.51900002533236522240   73  113
0.21112799705252333071  0.42641766532067615358   73  114
0.15687380564088804213  0.24196563744790955397   73  115
0.11417308027391877279  6.17493454152135612389   73  116
0.10031662732475188360  5.61128607068846818606   73  117
0.12136190404017274669  5.09622817195337773910   73  118
0.16312882338600390164  4.80360636409106955824   73  119
0.21236166114728274867  4.65259423177668018923   73  120
0.26346517328748403353  4.57215282505097864174   73  121
0.31564888388243517170  4.51627969673538309792   73  122
0.36649746860469195608  4.48677933236174020237   73  123
0.41659084604386276141  4.46645022679019465528   73  124
0.46514116642046965389  4.45448903941923912697   73  125
0.51207400526226110049  4.44764538786871099774   73  126
0.55923489907247336816  4.43920618948413370219   73  127
0.60244064142791475813  4.43853060475736604928   73  128
0.64349769421949665205  4.43969009266926750712   73  129
0.68386991407107211582  4.43934933107351792358   73  130
0.72149044971461595566  4.44130354996528620148   73  131
0.75770518297712086131  4.44310051153043517047   73  132
0.79268598990264171888  4.44483217230945459875   73  133
0.82509017727327382818  4.44819638605915912422   73  134
0.85676013521196947575  4.45111283816758085408   73  135
0.88605128004343158832  4.45553912345527969308   73  136
0.91617865505869289233  4.45831636635172134930   73  137
0.94432526254734405757  4.46257411881893339967   73  138
0.97192848283981536639  4.46672446454507365843   73  139
0.99788317377939583785  4.47191829588879574686   73  140
0.98987100599286370617  0.51504347074599121648   74  102
0.93469544674446636279  0.54115484287261028662   74  103
0.87623749980292164885  0.56795262440138127857   74  104
0.81461644181325798542  0.59383615615668805532   74  105
0.75013160849076554459  0.61919697146615648720   74  106
0.68280759181312511430  0.64615012773786162370   74  107
0.61397579331531138003  0.66740016955125947007   74  108
0.54465647759107016501  0.68184441195034262151   74  109
0.47619488338770743496  0.68615922726401357146   74  110
0.40551833130828113250  0.69511878546604322082   74  111
0.33787011709044945107  0.68396474334869816758   74  112
0.27003509479905540847  0.66444997248314052740   74  113
0.20435650863667920163  0.61515403764341680670   74  114
0.14413031100512657678  0.49285810449375122566   74  115
0.09005039234496002576  0.20431249222513669928   74  116
0.06198618402228173868  5.74376389775543927385   74  117
0.08435958495726761375  4.95322024894410883888   74  118
0.13225963784320263206  4.63316016773524985695   74  119
0.18531785235310574422  4.50577222782930242317   74  120
0.23851346844824281024  4.44875785291973979696   74  121
0.29219324438556604218  4.41065454472787354945   74  122
0.34378208358246542531  4.39492911670052244233   74  123
0.39437406542417907662  4.38517701698041850733   74  124
0.44318554252318559383  4.38155246150514976478   74  125
0.49023702198448526612  4.38139764065724612863   74  126
0.53758936412140112537  4.37844299100806644276   74  127
0.58074418121855619912  4.38226128561568906150   74  128
0.62170136012376508994  4.38717356078568521127   74  129
0.66203280065621539219  4.39002314719788166997   74  130
0.69954429415565222428  4.39468776021279072808   74  131
0.73566132975159737040  4.39883043551423114081   74  132
0.77055145879657538366  4.40261911078333234570   74  133
0.80281565285074596439  4.40777670426176459983   74  134
0.83436367971316638403  4.41230262306214093826   74  135
0.86348672004231896704  4.41815697138487628592   74  136
0.89350195257408904226  4.42226273952066151196   74  137
0.92149052667657549431  4.42772385057593798052   74  138
0.94894120383552371667  4.43298539315724582366   74  139
0.97471164876173554958  4.43919745597071635501   74  140
0.99851643680657187208  4.44623659432839346550   74  141
0.98232943094634739278  0.55501522697637217796   75  102
0.92823601794297971868  0.58367729793579181674   75  103
0.87090151815040417471  0.61348483770993089692   75  104
0.81038322263646866972  0.64295434699557896252   75  105
0.74699844732525932933  0.67264674585636807791   75  106
0.68086106744811047964  0.70494279787661362491   75  107
0.61301426693408167523  0.73280237314472174148   75  108
0.54444146953146310697  0.75555090412902181640   75  109
0.47636541977534718750  0.77043693960643566676   75  110
0.40634207187915244441  0.79399341250191657338   75  111
0.33864401182435510673  0.80264490703219171230   75  112
0.27062574604813083301  0.81301218079798287519   75  113
0.20393469170228867293  0.81202805978579117863   75  114
0.14047516568965645600  0.77463262306598101858   75  115
0.07829409791863131685  0.66532150807021395167   75  116
0.02666182219123941141  6.21647303588961630538   75  117
0.05226470541667693759  4.58844350047491111866   75  118
0.10831702081647687219  4.36329153797453184183   75  119
0.16452778360725373030  4.30889037334316338246   75  120
0.21899482673343104167  4.29519623017388951780   75  121
0.27355044932888078479  4.28488167919656781635   75  122
0.32536961202959180373  4.28827122931503357250   75  123
0.37606810970302184671  4.29241876904090879918   75  124
0.42482568318727026435  4.29929568161517750013   75  125
0.47173953059317758063  4.30733049301080939131   75  126
0.51908079585576816228  4.31102904392940189382   75  127
0.56200730598563730656  4.32013787434839713342   75  128
0.60271431701422983895  4.32941331773643511838   75  129
0.64288070464003344018  4.33596430717241076991   75  130
0.68017401881704320221  4.34373409386400144427   75  131
0.71609930344305627870  4.35055278147589064019   75  132
0.75081645968582955142  4.35667875536338033982   75  133
0.78286594754731297918  4.36385428124205887457   75  134
0.81422553671689479327  4.37018850530528624176   75  135
0.84311850133081911451  4.37763254138486601619   75  136
0.87296658995564402339  4.38322408105178418225   75  137
0.90074449605726703005  4.39001887423685577261   75  138
0.92799387522951137797  4.39650992128258621960   75  139
0.95353319781697998270  4.40384061629184486719   75  140
0.97708158105671960580  4.41189003798905865494   75  141
0.97414897607471684360  0.59669840456993172850   76  102
0.92128192382872231558  0.62801688910601982663   76  103
0.86523690439394052021  0.66094859893947832674   76  104
0.80601187477171365448  0.69412949621961006486   76  105
0.74394962754910065605  0.72828769291564143806   76  106
0.67926717654793489221  0.76605658790591624197   76  107
0.61271949186076257732  0.80066750944044451366   76  108
0.54526936210366605540  0.83187798081709485309   76  109
0.47803697053608790180  0.85753846107046483027   76  110
0.40929814639152556355  0.89574987551177387424   76  111
0.34237534300637362250  0.92435602970572716686   76  112
0.27540800271738685723  0.96447007752395941260   76  113
0.20968217755721096918  1.01152973129337842018   76  114
0.14653366786587121440  1.06238087240663747757   76  115
0.08458238187869650260  1.17599403006243297121   76  116
0.02807444998527530711  1.65854484895600928773   76  117
0.04184812226865032569  3.69851656861527899878   76  118
0.09777837000335709572  3.96986701838296118794   76  119
0.15346753389187656191  4.05593712933239913809   76  120
0.20720954828840951190  4.10770784941133104695   76  121
0.26142530156612736603  4.13599487586817105012   76  122
0.31262896980613696929  4.16407367657557525575   76  123
0.36282497778222971840  4.18564991900059446550   76  124
0.41106339595837976253  4.20535536822236455379   76  125
0.45747270437786552444  4.22322138340166919335   76  126
0.50451617200604392810  4.23489599355933421521   76  127
0.54696973468090204218  4.25019455975816207172   76  128
0.58722102795476460724  4.26453333908674458996   76  129
0.62705302821766495391  4.27538731666592930480   76  130
0.66398022291021518981  4.28673059781902843213   76  131
0.69958658077336888237  4.29662331335444402924   76  132
0.73401972734085396688  4.30542888168547577266   76  133
0.76575357002765376269  4.31489790738085066124   76  134
0.79683492562733826414  4.32328758844944882611   76  135
0.82541373385852856437  4.33252279699751241537   76  136
0.85502034711561980540  4.33979941790576795313   76  137
0.88251595800694704330  4.34809343702984918423   76  138
0.90949757164506983553  4.35596556187694350371   76  139
0.93474137098192688899  4.36454387658053200028   76  140
0.95797122189034489281  4.37371200265741322255   76  141
0.98221582924967754114  4.38142591126868019558   76  142
0.96791849035426358316  0.63890258752714235158   77  102
0.91639123983485226699  0.67281639447315111369   77  103
0.86176706923988488640  0.70878625387637583799   77  104
0.80398896991835733239  0.74556373227957717376   77  105
0.74343142211782187179  0.78402526787931492436   77  106
0.68042316424740556524  0.82701117985415328882   77  107
0.61544214101696093078  0.86803288422825852777   77  108
0.54944761443765555153  0.90723683479233296900   77  109
0.48348229518439905794  0.94303506033996153946   77  110
0.41658591237436126686  0.99460607046637972140   77  111
0.35119837871278453134  1.04121679318751136911   77  112
0.28637348759491326744  1.10692420521899070884   77  113
0.22330481973765467507  1.19268912738350185698   77  114
0.16342311983561333411  1.30760071449187775805   77  115
0.10793550461942794105  1.53634058478788282365   77  116
0.06568541280725707920  2.06704200093448964282   77  117
0.06479479685973955905  3.02285082771442681349   77  118
0.10390227309260305355  3.56029391467211064892   77  119
0.15304696249250662743  3.78466354499224699737   77  120
0.20318458507819378567  3.90631472179844108084   77  121
0.25536309831169096141  3.97713047150822651687   77  122
0.30487212936406715702  4.03209047909550122313   77  123
0.35380902599785096774  4.07267268901526424685   77  124
0.40097404664332580992  4.10629039267071771491   77  125
0.44645596163341200180  4.13477523699932891788   77  126
0.49286288754691665037  4.15510526708035587973   77  127
0.53457911465269980500  4.17703008338874859362   77  128
0.57415894296830116694  4.19677353708742639782   77  129
0.61347519650358173227  4.21223477866842976880   77  130
0.64988539056829908169  4.22738316639620048676   77  131
0.68504376980922043749  4.24054823716389250876   77  132
0.71908098561033695351  4.25220428548183804196   77  133
0.75040296940612116749  4.26410078943655435069   77  134
0.78112039045100334356  4.27466687312488247130   77  135
0.80930984547638606941  4.28578894333729198962   77  136
0.83860527877282420306  4.29484801469129973128   77  137
0.86575606308309105419  4.30471967693084156537   77  138
0.89241250417107342852  4.31404462104163766156   77  139
0.91730854278449380779  4.32393006581693306600   77  140
0.94017262583485150529  4.33426557967173131658   77  141
0.96410807640753481973  4.34310880792034925690   77  142
0.98607814685610617467  4.35251471680395418673   77  143
0.96220698042744468026  0.68272966398227774576   78  102
0.91217302656379395387  0.71926943155990952228   78  103
0.85914420735777918825  0.75829485452040179538   78  104
0.80301126917837784003  0.79866895348018784873   78  105
0.74418673594893558487  0.84139940583022476694   78  106
0.68312117490121415653  0.88949227634667904496   78  107
0.62001791391032423650  0.93673417391646274233   78  108
0.55584665494649776463  0.98360512581478398708   78  109
0.49159145773787887856  1.02900408086672068286   78  110
0.42710030501851647955  1.09270062061903572292   78  111
0.36396035867432197097  1.15518282579542153066   78  112
0.30221151234822329901  1.24173186807880298055   78  113
0.24303812168721311560  1.35529724560964015545   78  114
0.18806685740010503638  1.50667001822065960148   78  115
0.14032901033752515074  1.76257424440935150933   78  116
0.10720946998373311054  2.18448153072089912285   78  117
0.10197368231545131390  2.76437292611006490972   78  118
0.12600016870189981177  3.23983845638177880844   78  119
0.16499062215333748505  3.52611434640914378491   78  120
0.20887937134876097267  3.70065129958870020488   78  121
0.25719388233587980874  3.81056736249320149312   78  122
0.30378868370221562278  3.89179048664997084828   78  123
0.35057944587468514719  3.95177284217415358825   78  124
0.39600782779010479384  3.99987111363620817528   78  125
0.44004806967885906621  4.03954846105133569267   78  126
0.48540364745851066752  4.06917073169035603541   78  127
0.52605302028539480119  4.09815626072384553424   78  128
0.56468900708129998733  4.12367690596119285118   78  129
0.60326038445338303617  4.14410956283968179292   78  130
0.63895990171328698182  4.16335290086726939052   78  131
0.67350382887072435256  4.18005109080629733143   78  132
0.70700008050371909718  4.19479146052436835390   78  133
0.73778289169579314155  4.20930369368574819333   78  134
0.76802272075577404653  4.22222142728006488710   78  135
0.79572038648420484463  4.23537183553933971325   78  136
0.82461117049672694179  4.24636130784781329339   78  137
0.85133067833000364288  4.25793187664847749829   78  138
0.87758202925277473128  4.26882269323950591655   78  139
0.90205538216367608939  4.28011051245387896813   78  140
0.92448369669115437741  4.29169241447998928152   78  141
0.94804489013290027533  4.30175021662974543801   78  142
0.96962247918927901846  4.31224261818835064020   78  143
0.99094455099466638437  4.32171629278579061406   78  144
0.95850519380846299633  0.72785503349427926878   79  102
0.91011263007279041837  0.76695219150259541507   79  103
0.85884493687156326924  0.80892859956466445226   79  104
0.80454317977497780134  0.85274963926436120332   79  105
0.74766249944030094277  0.89952538946603866066   79  106
0.68878071928984918593  0.95236579048698510874   79  107
0.62783152392956953491  1.00531946237084279794   79  108
0.56580536312846951841  1.05911280368966065346   79  109
0.50364250733708237906  1.11301017106173572024   79  110
0.44199881416099634501  1.18677521647307071540   79  111
0.38164070224183260782  1.26184710616029760466   79  112
0.32355274145276330389  1.36299017897407837019   79  113
0.26883828321008207407  1.49237363665079336705   79  114
0.21908872982016047715  1.65697249682384373237   79  115
0.17795091118230701999  1.90075016469486501869   79  116
0.15021685992178837599  2.23542571893902586311   79  117
0.14299985582797491990  2.64479064765164118000   79  118
0.15736146243142121182  3.02544351824665547213   79  119
0.18649582123927865851  3.31019665761445747165   79  120
0.22291111281366207675  3.50959023225134281176   79  121
0.26599222977767822407  3.64754908048345072302   79  122
0.30861528799952497870  3.75051398819148129604   79  123
0.35241595941180059448  3.82807483567275586012   79  124
0.39544968890344961432  3.88992500959894549339   79  125
0.43752523453336850112  3.94055918901685764411   79  126
0.48139203516209327915  3.97955521098883746589   79  127
0.52063342074710439178  4.01567826055355059367   79  128
0.55804303896622675651  4.04709415544242112617   79  129
0.59562758075861965690  4.07266763629047101603   79  130
0.63041423526695727908  4.09615186011626342122   79  131
0.66416925288977812780  4.11653019233741801486   79  132
0.69697227428613706124  4.13449665711303282478   79  133
0.72708454404089251089  4.15174073842448088101   79  134
0.75672909312166902751  4.16712393265120173425   79  135
0.78383118935133055949  4.18239487905688100966   79  136
0.81222073551482965037  4.19541675557213977754   79  137
0.83842181513790026148  4.20876974340045251211   79  138
0.86418769987280164013  4.22130594055907781836   79  139
0.88816466537045268836  4.23406321876905522572   79  140
0.91008994595335424016  4.24694717539330923728   79  141
0.93321309109982275576  4.25828169766968045451   79  142
0.95433943409126298363  4.26991220650723413144   79  143
0.97525488725655895550  4.28045298667570950357   79  144
0.99557164870552472546  4.29052431731563110873   79  145
0.99872292515918992262  0.73632727062455471945   80  101
0.95496859064701122843  0.77550297351957753200   80  102
0.90842036995903896468  0.81720439143355605438   80  103
0.85914010830015563602  0.86215792176271310865   80  104
0.80692031986227397145  0.90942292263240598338   80  105
0.75226380570385320556  0.96018730272996610786   80  106
0.69588327778904779386  1.01761293084368031892   80  107
0.63743812928148835262  1.07599066248573982385   80  108
0.57794622585364663347  1.13621181291407746805   80  109
0.51831094649221154391  1.19778818623250882247   80  110
0.46000326437920247002  1.28000860600516985777   80  111
0.40295737879274262649  1.36502962190382937102   80  112
0.34904489103379299220  1.47598485923372568784   80  113
0.29916495308070750747  1.61308681244393192777   80  114
0.25464585471654255233  1.77872049203337634360   80  115
0.21918739434407150113  2.00075935312455577275   80  116
0.19546248365969409733  2.27372948358683757419   80  117
0.18768241239709343438  2.58569235779336903391   80  118
0.19625750561214619361  2.88861028378857120913   80  119
0.21756117111990846968  3.14347590572164303779   80  120
0.24667460281206843309  3.34283227284273731783   80  121
0.28384017795124710792  3.49421167197735149657   80  122
0.32170877998613706117  3.61138260850872860885   80  123
0.36175558754635056546  3.70264783750382520111   80  124
0.40173079797695626647  3.77624579751215883050   80  125
0.44127485475201250198  3.83681322900587939984   80  126
0.48315417551392636497  3.88479075624197456307   80  127
0.52058432156173539695  3.92783146349159961730   80  128
0.55642341802570149945  3.96507588674568989262   80  129
0.59272052128208152499  3.99585852308079214623   80  130
0.62633754767787119810  4.02366779965966436805   80  131
0.65907887978583612476  4.04784443833993812234   80  132
0.69099010069929767131  4.06917130738168708604   80  133
0.72025720329372466821  4.08926156793464556927   80  134
0.74914872084730121937  4.10723374725711209976   80  135
0.77551321622883506723  4.12472580253096410274   80  136
0.80326974574894915992  4.13990320432787939353   80  137
0.82883086951689222133  4.15513908361917394529   80  138
0.85399826042689819250  4.16941981670085581868   80  139
0.87737299435835769401  4.18372981064084381586   80  140
0.89869644351407040883  4.19798393082875342941   80  141
0.92128852358885171547  4.21067673363684757959   80  142
0.94187586576220039269  4.22351200047516517344   80  143
0.96230347797901460982  4.23518874141428192104   80  144
0.98215615752097540359  4.24632092441397812621   80  145
0.99403714766233930433  0.78401470400436945596   81  101
0.95220241173756670072  0.82548851949885859725   81  102
0.90770593629103046851  0.86977875398198767343   81  103
0.86064215257642717738  0.91765703295629341696   81  104
0.81075581166557264545  0.96826456944521033243   81  105
0.75860053973907082270  1.02283545166600808862   81  106
0.70502723243410159171  1.08452163768317855208   81  107
0.64941706755664108108  1.14783299608390687574   81  108
0.59281728894252416762  1.21373469056045624193   81  109
0.53609551313297176822  1.28186161532068321200   81  110
0.48151234397244618846  1.37059979101628459652   81  111
0.42816046117961487072  1.46268309697256548851   81  112
0.37869362175320536723  1.57895012862128170106   81  113
0.33368592835286148279  1.71750658108521991885   81  114
0.29406095844482260659  1.87719956182020042412   81  115
0.26336015087246883448  2.07615003346190718503   81  116
0.24273966205941274743  2.30419760090673086950   81  117
0.23495783834502351195  2.55402894434913108057   81  118
0.23998448905108468732  2.80029358885950507840   81  119
0.25555455475482535821  3.02080013802866620409   81  120
0.27841738871308385761  3.20665798617740005483   81  121
0.30980001826713576829  3.35899635203421054186   81  122
0.34266019170596140331  3.48209017363503026132   81  123
0.37850743422515115144  3.58176155871281265419   81  124
0.41494548312952583835  3.66382549159028592101   81  125
0.45149715290505543219  3.73228994038779404718   81  126
0.49094019825978951754  3.78804165710360729591   81  127
0.52618772183043327484  3.83721458053258546173   81  128
0.56012822575686904703  3.87979294164468990758   81  129
0.59483921242840231969  3.91551468103877686744   81  130
0.62702892292416156916  3.94747741873637281174   81  131
0.65852657459887076197  3.97536759067108036447   81  132
0.68933980444236053753  4.00002596243091979034   81  133
0.71758078844083605929  4.02294752907192965097   81  134
0.74555377578932902072  4.04352430588922295840   81  135
0.77103277366373856871  4.06324989162372141038   81  136
0.79801604526550062868  4.08062842382748858228   81  137
0.82280925461347764749  4.09778250666310750461   81  138
0.84725859210921872222  4.11385029318170580837   81  139
0.86992016941367611427  4.12974743228254226324   81  140
0.89053928941535986930  4.14539773328527783036   81  141
0.91250203608287849821  4.15949223832262937606   81  142
0.93245878028732276377  4.17356559022304729467   81  143
0.95231306589682307440  4.18641769165897059679   81  144
0.97162103176955161299  4.19865033911421026147   81  145
0.98920039572644091752  4.21059162974514311628   81  146
0.99110743367632980760  0.83332776959431664743   82  101
0.95135893217513611830  0.87699991294934021013   82  102
0.90909452100019605414  0.92373698842673790388   82  103
0.86444228867546379913  0.97433663631463285348   82  104
0.81709955672207645883  1.02800556397089004612   82  105
0.76767046940944627664  1.08598545968286663843   82  106
0.71713995225789572974  1.15134945620011719392   82  107
0.66461093114117841818  1.21880353073937786057   82  108
0.61115617137336220033  1.28929546881833201333   82  109
0.55760327945924503812  1.36246990847934568158   82  110
0.50693602687190675304  1.45547869819224628962   82  111
0.45741855012368692890  1.55161274770545776214   82  112
0.41234980646852364972  1.66920433123610867376   82  113
0.37190383808057064785  1.80471766911133957301   82  114
0.33656388732345404735  1.95491057666834611162   82  115
0.30968298296114032953  2.13240965203119525739   82  116
0.29139743802575845955  2.32685211375443845583   82  117
0.28372013210932822691  2.53423449758776531127   82  118
0.28637693747999348748  2.73977637489936221016   82  119
0.29774447053548702691  2.93021870184601329612   82  120
0.31554553265522444772  3.09857063767189711001   82  121
0.34174518677940074474  3.24462518900967378244   82  122
0.36979268175722418421  3.36730455536143802320   82  123
0.40135528977950990503  3.47040498649342099569   82  124
0.43404015630523568037  3.55736649479379796190   82  125
0.46732512183640445569  3.63122380911446951401   82  126
0.50400952560228262644  3.69300717556877788894   82  127
0.53679621435848978717  3.74711628178655020704   82  128
0.56857799840885780984  3.79418718712217106770   82  129
0.60145048836433023798  3.83427065148581025511   82  130
0.63199135434533537659  3.86997240722392366052   82  131
0.66204179723099632060  3.90128651811985971420   82  132
0.69157056179613063396  3.92907429821686404736   82  133
0.71862197425433571585  3.95467324496499816888   82  134
0.74552429391302099670  3.97774879593928698540   82  135
0.76998309518678154095  3.99962118512858832986   82  136
0.79606156196792665636  4.01915317368970015366   82  137
0.81996846724683758456  4.03818304939277883392   82  138
0.84358843156450080691  4.05601093879544105647   82  139
0.86543488385353106729  4.07347030960369504982   82  140
0.88525682454732057547  4.09049242195186835147   82  141
0.90649896354286885192  4.10598313123438884986   82  142
0.92574149781140302462  4.12128608354616421394   82  143
0.94494354261250834703  4.13531442438507479409   82  144
0.96363230499656005179  4.14865210883909529826   82  145
0.98061081218149337424  4.16157536702168417975   82  146
0.99713080300922263266  4.17346692162182719699   82  147
0.98932760550111553677  0.88415960079380218062   83  101
0.95183155703704258599  0.92992604260885514122   83  102
0.91197810482243857333  0.97896204697458322208   83  103
0.86992919453808270625  1.03207282291672464147   83  104
0.82533436877553989497  1.08851450502689561795   83  105
0.77884619185323433754  1.14950168441881195314   83  106
0.73157663371400050156  1.21797160139196569695   83  107
0.68234955444504130639  1.28880829859270185089   83  108
0.63225597533351118873  1.36287399948737308897   83  109
0.58207567806508142549  1.43974741486353452480   83  110
0.53544625274537527293  1.53518046713161937511   83  111
0.48982174843274572940  1.63308055332082413535   83  112
0.44903570259247077567  1.74940491342625814575   83  113
0.41284013651956941171  1.87959451703112567778   83  114
0.38130991210712167350  2.01942636427612054462   83  115
0.35766368706023043966  2.17838111360245889614   83  116
0.34134941217884423592  2.34715234838458552957   83  117
0.33397788140977602289  2.52378435529876554710   83  118
0.33512555912877439734  2.69897330898753828876   83  119
0.34349431198464780435  2.86438203057131790530   83  120
0.35737469878169969562  3.01503236244040806469   83  121
0.37921288550170489939  3.15111522411727218440   83  122
0.40294466009224816361  3.26905701554804561937   83  123
0.43043653887393390489  3.37144447831154669970   83  124
0.45940070136590632766  3.45989219347608401023   83  125
0.48933776684411883773  3.53646963555602322771   83  126
0.52308569373548352566  3.60220375276491200367   83  127
0.55323786115517536999  3.65973987807988532239   83  128
0.58267704304282064154  3.71016657107822966921   83  129
0.61351229349229052801  3.75375719733708734793   83  130
0.64222175145727244949  3.79255296412299891529   83  131
0.67064875756938846507  3.82680237877356077547   83  132
0.69872545523059448325  3.85734699936516856056   83  133
0.72443784476226991131  3.88532882489526265601   83  134
0.75012654667096312355  3.91067498704773797158   83  135
0.77343750456152882133  3.93450480648663170058   83  136
0.79848279922745801773  3.95604955616367792715   83  137
0.82138739693436035871  3.97683314533205622965   83  138
0.84406739887870074757  3.99632366033477381961   83  139
0.86499704857984849315  4.01525848424388076552   83  140
0.88392898074322556745  4.03357370441547047335   83  141
0.90435743172409710500  4.05040550592443526767   83  142
0.92280042881692703194  4.06688547583367832061   83  143
0.94126872284865092944  4.08205173474236104880   83  144
0.95926079199519886931  4.09646374379711186720   83  145
0.97556727839627987997  4.11033969277893795891   83  146
0.99146907651569249342  4.12313320756852519366   83  147
0.98929490669650665957  0.93610615703619637351   84  101
0.95419999399780541793  0.98379417526814028072   84  102
0.91691383295420325616  1.03490281151604768262   84  103
0.87763072822182197630  1.09022565229902634876   84  104
0.83595125331163122606  1.14905255876299228213   84  105
0.79257158535977545455  1.21253858033152828177   84  106
0.74871908624590455261  1.28343653039771976587   84  107
0.70294007455733820144  1.35679991732595683906   84  108
0.65633392636729781522  1.43335810389601348014   84  109
0.60962374382994088950  1.51258180475511516683   84  110
0.56702192028681230873  1.60877042895930988387   84  111
0.52521073595898215558  1.70655245266011079686   84  112
0.48846207179701489620  1.81978597682693421511   84  113
0.45612228125229797859  1.94343213701770012314   84  114
0.42791892854437935112  2.07299237615256615186   84  115
0.40699482697115058061  2.21608513126270434412   84  116
0.39233190455368271987  2.36470498488171898543   84  117
0.38532374106856820406  2.51815580392941029686   84  118
0.38546086897930031956  2.67021460168862656559   84  119
0.39163102512889125251  2.81535123662025554836   84  120
0.40246935440585179800  2.95006081499107875032   84  121
0.42071483244682106317  3.07523914323566582851   84  122
0.44071027847184612858  3.18634370358752505581   84  123
0.46450315933796915147  3.28538333095393708660   84  124
0.48995286875651727909  3.37277856251941754451   84  125
0.51662406324305121252  3.44984218538814868538   84  126
0.54740266327410269653  3.51758286721423285570   84  127
0.57486235084857817412  3.57705972508207059590   84  128
0.60186948533721396082  3.62965315617813288895   84  129
0.63054474163965956723  3.67579060905022103611   84  130
0.65730117660630560383  3.71692801188989818684   84  131
0.68397736178434220822  3.75351227445711721487   84  132
0.71047371996778641012  3.78633252230511141434   84  133
0.73473037614766112391  3.81630944541363081868   84  134
0.75908933199176642503  3.84360939369567100599   84  135
0.78114817088298427183  3.86913251838152749684   84  136
0.80505062224324430709  3.89247358592172210123   84  137
0.82685391724174273076  3.91482473160957944458   84  138
0.84849794424943203452  3.93582121744556712173   84  139
0.86842268575085468374  3.95609357418733331713   84  140
0.88638454342775141459  3.97557936393151312160   84  141
0.90591646798706215726  3.99365298712279859217   84  142
0.92348457270453532253  4.01121949935121513420   84  143
0.94114591277823766990  4.02744975551757988796   84  144
0.95837121124513791059  4.04287264951847724603   84  145
0.97394166197504805638  4.05764356524192670861   84  146
0.98916439521696875037  4.07129159204962576268   84  147
0.98997804419913315588  0.98924232652430066359   85  101
0.95743652177799964953  1.03871121819909872919   85  102
0.92287778209716198052  1.09170460739222430213   85  103
0.88652667721602063100  1.14898900231386957849   85  104
0.84793329175719234225  1.20987571288989781415   85  105
0.80783212853123254060  1.27543672386569517663   85  106
0.76755448478845600402  1.34820973512681807627   85  107
0.72537004152071637986  1.42341652164860987817   85  108
0.68237681532778249327  1.50163158426054388350   85  109
0.63923312100563656202  1.58220703035902565681   85  110
0.60066401519513656915  1.67803300368634977779   85  111
0.56261738348628809181  1.77455147254554845837   85  112
0.52974271895146907152  1.88382952286624871796   85  113
0.50101337166188386618  2.00072206901297100501   85  114
0.47586931572017537873  2.12082467326743984160   85  115
0.45743274371005065992  2.25054587499275893236   85  116
0.44435381086445491228  2.38306598078606679536   85  117
0.43790735560325461107  2.51843529655800857370   85  118
0.43752658044047476604  2.65228549244224698356   85  119
0.44220940257241525551  2.78078710520043337340   85  120
0.45080771147642623164  2.90146126755361066785   85  121
0.46623599027144380091  3.01579703166556001293   85  122
0.48315453623670034933  3.11906215582005597042   85  123
0.50375748039155932023  3.21303865403179411686   85  124
0.52605793112342302820  3.29745960619121092350   85  125
0.54970440947378507168  3.37312210030568504493   85  126
0.57763287928671924742  3.44104940589214880475   85  127
0.60246810257980021319  3.50099326546550537742   85  128
0.62706041926791611374  3.55450233941197391019   85  129
0.65354269261144204428  3.60211000367709832659   85  130
0.67829742272731585739  3.64471099835602085903   85  131
0.70315508415543637177  3.68289648699300808943   85  132
0.72799156327333991445  3.71737919231130131692   85  133
0.75071560831726025231  3.74884481392044977000   85  134
0.77366145093813409872  3.77766818363608880560   85  135
0.79439126423865979998  3.80452042165603643298   85  136
0.81706354934847003069  3.82934231688847237507   85  137
0.83768558705878470860  3.85298740737266687262   85  138
0.85821340300764026310  3.87525190974130229193   85  139
0.87705870033187094403  3.89665094325488636784   85  140
0.89398210860619820028  3.91711965122998950761   85  141
0.91254375969793810608  3.93627263669840932181   85  142
0.92916951725460472655  3.95477861665829255600   85  143
0.94595673566392601828  3.97194657308712173460   85  144
0.96234995928721178693  3.98826855011518421890   85  145
0.97712435669525199433  4.00383325270140577601   85  146
0.99161002053227698116  4.01824866599302499282   85  147
0.99152917995288025743  1.04292886264646100791   86  101
0.96165898606348798605  1.09399289745333416768   86  102
0.92994845505921786000  1.14863594516067757390   86  103
0.89664992466467385857  1.20758413470547787405   86  104
0.86126149276253960441  1.27016059817872029036   86  105
0.82454920052745916959  1.33733725558584093385   86  106
0.78793453019452663888  1.41141922763435956334   86  107
0.74941583019674307131  1.48780184485123956328   86  108
0.71008050358129115587  1.56690029293669597088   86  109
0.67051638423657644594  1.64795711217768148238   86  110
0.63589971441770920535  1.74255033132826864239   86  111
0.60149571884654151610  1.83700173733372085216   86  112
0.57228165197677138831  1.94188078889905324509   86  113
0.54690073210380163449  2.05217585252645307037   86  114
0.52456099263272937261  2.16375726315643390762   86  115
0.50840297762736186282  2.28219646276449772415   86  116
0.49683661537818463172  2.40167743792314603013   86  117
0.49107706327884831365  2.52269219674996936220   86  118
0.49052099261820697462  2.64204479551196591558   86  119
0.49423781428529139914  2.75697117970363603234   86  120
0.50122259158451665240  2.86568028239420069525   86  121
0.51449562453118080629  2.97005005243977571183   86  122
0.52895511988183308016  3.06549272821893392660   86  123
0.54690481101132615294  3.15371760637727849286   86  124
0.56649551048266888476  3.23410593443208593811   86  125
0.58746029935327803706  3.30714001392684853187   86  126
0.61277850059408034422  3.37389422521883375339   86  127
0.63517029180088546703  3.43313382720659854286   86  128
0.65747232674799249708  3.48649509235997445700   86  129
0.68182948279243271728  3.53458910127647119026   86  130
0.70462303679528104361  3.57781751591364916010   86  131
0.72767417731374561818  3.61687111377455039474   86  132
0.75084203004548000226  3.65237678825972711394   86  133
0.77201866192141532785  3.68479087241184366519   86  134
0.79352352515001789435  3.71466073602374624585   86  135
0.81289690702983263826  3.74243355185590509393   86  136
0.83429651280885808173  3.76836373896783749515   86  137
0.85369814272306854264  3.79297790827909908629   86  138
0.87306663058038136427  3.81622002811711258374   86  139
0.89079229017018390913  3.83848751587872349944   86  140
0.90664064704435132214  3.85970955861473452586   86  141
0.92418707524440368850  3.87973228964068894697   86  142
0.93983002397582904308  3.89898937606380435739   86  143
0.95570018238846876635  3.91692731082389800079   86  144
0.97121835820969215636  3.93399683312023684678   86  145
0.98515748216955212335  3.95021897395724241875   86  146
0.99886675554460879756  3.96528079092565466368   86  147
0.99336356452709251297  1.09727988442389112755   87  101
0.96628349312546113481  1.14977631750483388906   87  102
0.93754245800439095504  1.20586325723337561833   87  103
0.90741710345505910418  1.26621661879689439978   87  104
0.87535200755987807586  1.33016532599453340957   87  105
0.84213812868152748692  1.39857124126648790785   87  106
0.80927456660954577572  1.47350094885153981572   87  107
0.77449391467665440469  1.55053300040090236145   87  108
0.73886521452877951255  1.62993054902386735883   87  109
0.70290198182059537846  1.71084570148007464319   87  110
0.67218432020068463739  1.80365827645428633552   87  111
0.64134203937737022105  1.89560552220381661748   87  112
0.61564779308225292542  1.99599824279763660151   87  113
0.59345414738113300146  2.10009091096732625203   87  114
0.57377988945712998792  2.20409702004554564070   87  115
0.55981262187649094564  2.31295639442764322524   87  116
0.54977904919964504238  2.42168322915934641770   87  117
0.54486968907823907227  2.53102399169497616072   87  118
0.54445599402394151411  2.63856349428892400510   87  119
0.54765581125801787721  2.74223977408357999508   87  120
0.55356317313604430641  2.84073208569711432858   87  121
0.56526654954326205349  2.93613256844474612706   87  122
0.57783862298945398717  3.02413915795836985012   87  123
0.59366472686138493930  3.10643494603983238989   87  124
0.61101118254523645312  3.18224960469786122275   87  125
0.62968811301670046809  3.25188692997839989829   87  126
0.65270907961082413884  3.31648682900909674842   87  127
0.67291146179583471998  3.37412528167149039504   87  128
0.69312184692658573848  3.42647177598520169539   87  129
0.71549650205648052115  3.47419671844966160279   87  130
0.73643750105626815117  3.51729685240424583270   87  131
0.75775723703552433363  3.55652754367817447445   87  132
0.77930539114823416114  3.59243091870273545396   87  133
0.79897056678804645458  3.62525322808946359743   87  134
0.81905289158161553864  3.65567775800720440316   87  135
0.83708333895889619480  3.68394374528852841522   87  136
0.85720592465624978473  3.71057830237603702983   87  137
0.87538210067337318687  3.73580590824594649391   87  138
0.89357922732642991459  3.75970108195984220600   87  139
0.91017319485764469622  3.78254622066917178813   87  140
0.92493528715942685547  3.80426179951286691505   87  141
0.94144500317241475162  3.82490942335332029245   87  142
0.95608598555720436529  3.84469731733747366320   87  143
0.97101528948630555504  3.86320474215966580545   87  144
0.98563287102181884602  3.88083817445075762720   87  145
0.99871325211558936719  3.89755229575422657007   87  146
0.99533826016340165577  1.15160446588127807210   88  101
0.97112438642695975144  1.20535261675763405442   88  102
0.94542735471837258121  1.26266344294908772206   88  103
0.91854436529711169790  1.32415612040158880980   88  104
0.88986566774800890389  1.38916228639008054735   88  105
0.86020028071307119699  1.45843024077496541402   88  106
0.83111212845835269469  1.53379263333063842190   88  107
0.80007816615238791513  1.61102143900908845175   88  108
0.76814301532046813659  1.69024294806954533676   88  109
0.73574480767959027361  1.77054237194962271751   88  110
0.70882332472309295124  1.86122784966448029387   88  111
0.68142633354796799949  1.95045266209364664967   88  112
0.65909403842807501306  2.04647186917687928798   88  113
0.63992698970462702501  2.14486988062658578968   88  114
0.62278991726534227436  2.24221339736005997878   88  115
0.61093593812148028199  2.34294233267669227416   88  116
0.60244874807321524557  2.44275023720764306034   88  117
0.59851640581333043212  2.54252297494807955047   88  118
0.59849313388235214628  2.64038246465046633205   88  119
0.60153137705751991149  2.73474310242044715835   88  120
0.60679626390460417174  2.82460788949979502149   88  121
0.61742457359914892923  2.91215578167679733923   88  122
0.62861375620995163516  2.99340976195675612104   88  123
0.64281056752034160251  3.07002740209517455128   88  124
0.65837361154750317915  3.14119615792375039831   88  125
0.67517851965598563169  3.20712477637750570381   88  126
0.69626383474366471127  3.26901240622267552638   88  127
0.71458718442005619842  3.32449404809341242384   88  128
0.73296868214503441141  3.37523671567305605379   88  129
0.75357452152874238038  3.42195568624619106401   88  130
0.77284110486278578822  3.46433828660872666916   88  131
0.79257329127695630433  3.50317817831468980572   88  132
0.81261723861731205432  3.53894204284044455733   88  133
0.83086847617299952606  3.57169702033242320027   88  134
0.84960568206696163163  3.60222705272449594815   88  135
0.86636101007419996645  3.63059024175633426879   88  136
0.88525536911089186543  3.65753827542911658099   88  137
0.90225036248229839586  3.68303201581238459639   88  138
0.91931091052086433280  3.70725568567178598300   88  139
0.93480503174925888565  3.73038563567903658225   88  140
0.94851057039335129328  3.75233221537010575020   88  141
0.96400158465316820866  3.77334779435657585722   88  142
0.97765842764954991040  3.79343538681871184082   88  143
0.99165765794495919216  3.81229665305124765240   88  144
0.99811676509269886548  1.20540233787677864008   89  101
0.97680762459837910949  1.26017229614412440419   89  102
0.95418574876961304021  1.31843843102290469993   89  103
0.93056440870995249526  1.38075901668880152151   89  104
0.90527900396132077177  1.44646804434925146943   89  105
0.87914946757097878205  1.51620116201139532031   89  106
0.85379145995194483110  1.59156799228201184526   89  107
0.82644018369398652979  1.66854536897560756792   89  108
0.79811142047916672215  1.74714136371866257669   89  109
0.76916940305019754209  1.82639821411555369757   89  110
0.74586974624609603257  1.91467479368400073092   89  111
0.72173761778523182198  2.00102001507728388674   89  112
0.70255261602495078233  2.09280027765419518460   89  113
0.68620057467228212644  2.18595373123020397799   89  114
0.67142254731732176065  2.27738383762143659084   89  115
0.66154575265118320537  2.37112401773650560699   89  116
0.65454263419583280648  2.46342497512614855282   89  117
0.65161259599649745677  2.55524443751778562728   89  118
0.65209991515084186897  2.64508583657333584682   89  119
0.65518452208130029124  2.73169544567803868063   89  120
0.66008574571480782556  2.81430073440725792011   89  121
0.66997773625850753909  2.89508903109413129329   89  122
0.68014842024445865132  2.97039275068867247853   89  123
0.69309169968977413223  3.04183332599660172235   89  124
0.70723889823959040779  3.10860611023523780716   89  125
0.72251949831063955187  3.17086957669268709736   89  126
0.74198894303437001874  3.22986732758243721975   89  127
0.75871821979367393141  3.28296841589147669893   89  128
0.77552302279153817466  3.33181772299238243562   89  129
0.79457719188124009690  3.37716424583721641639   89  130
0.81235776196026709961  3.41846811829046837161   89  131
0.83066296085880186872  3.45654419267646684233   89  132
0.84933921841147130838  3.49179620474184027046   89  133
0.86629586149873194501  3.52414544374247462599   89  134
0.88378939093891750733  3.55444799253848664478   89  135
0.89936071201846257139  3.58261064421003228020   89  136
0.91710138278760544583  3.60956440112220722227   89  137
0.93298397928898946230  3.63504854763600881995   89  138
0.94896735871664528172  3.65933696694610643974   89  139
0.96341703608562312411  3.68251223086084689129   89  140
0.97611801809774600969  3.70447444867991571016   89  141
0.99063143228254846306  3.72563956569541421260   89  142
0.99953685509642653528  1.25925747433646884055   90  101
0.98119592634145513799  1.31495439290673199473   90  102
0.96171298205473221277  1.37405966891457675949   90  103
0.94141461366063705629  1.43707016732636039258   90  104
0.91958175886945658917  1.50332376702698122806   90  105
0.89704050981572847068  1.57334817449531327860   90  106
0.87544989347856239092  1.64854438017243976056   90  107
0.85181375334614006789  1.72510083102669686816   90  108
0.82711593742055522505  1.80292441484605325819   90  109
0.80164760019537584235  1.88103270460362170802   90  110
0.78195698006281122439  1.96693608018843790752   90  111
0.76108245535227259104  2.05054248935145011501   90  112
0.74503173908438602435  2.13844669157363043155   90  113
0.73149932619801727451  2.22693537270266261885   90  114
0.71911848057650418209  2.31321960885275768049   90  115
0.71130116034849644180  2.40097554004375801640   90  116
0.70592229618105906130  2.48691860719626323117   90  117
0.70420156227231878177  2.57203038128125527351   90  118
0.70547384757646847131  2.65509778507540517012   90  119
0.70893827265598352572  2.73511283848833297583   90  120
0.71385483806745941848  2.81147032369812066577   90  121
0.72343344458624703197  2.88630736607844440300   90  122
0.73302001247966586117  2.95626664158687990636   90  123
0.74514973811113438540  3.02291424280512188716   90  124
0.75830994067167289963  3.08548701935251834527   90  125
0.77247491565151804593  3.14411975377490282568   90  126
0.79071422350328424145  3.20007414492584807419   90  127
0.80619646144769019358  3.25060249862450412195   90  128
0.82173836063481353609  3.29730432733051426197   90  129
0.83952133361119507526  3.34094640213914129134   90  130
0.85606428058291750283  3.38083801587270160738   90  131
0.87316157360152579781  3.41779763331599628629   90  132
0.89066328186398613376  3.45217796468762294637   90  133
0.90649684127219698482  3.48378929916681912005   90  134
0.92289855462448866508  3.51353105967155920908   90  135
0.93742316160530514413  3.54119146951401120305   90  136
0.95413091829580509717  3.56783240863521999842   90  137
0.96901249417181045676  3.59301845097778382865   90  138
0.98401885366525465582  3.61709157730194341696   90  139
0.99751729619305407049  3.64005545427912480250   90  140
0.98667638209614993983  1.36815610359141337504   91  102
0.97029128117401686193  1.42781707256187107014   91  103
0.95325639188131294777  1.49120571486140174322   91  104
0.93479896616357605055  1.55766717158998679871   91  105
0.91574513955986835967  1.62762853594980172467   91  106
0.89778603881190210956  1.70230055739283892002   91  107
0.87771273177284714340  1.77809044325834597622   91  108
0.85647564267991682652  1.85482244857638245428   91  109
0.83429747161691092394  1.93150743896916288200   91  110
0.81798048215908325531  2.01491128279025666359   91  111
0.80013566669140745446  2.09575148998538196565   91  112
0.78697258430292071907  2.17996532896585115679   91  113
0.77602517532580794768  2.26417257118416781481   91  114
0.76584031432459753752  2.34585896273425564829   91  115
0.75991299229911857260  2.42839897893209410995   91  116
0.75604113260323690948  2.50889236468241882960   91  117
0.75546951022719632807  2.58832104715971045295   91  118
0.75752865966361371264  2.66568324643781462413   91  119
0.76143481887593866819  2.74015025985661164754   91  120
0.76648140340926773639  2.81123627005908094389   91  121
0.77591017965523478850  2.88100565109909823036   91  122
0.78510841131256237091  2.94636841898855283972   91  123
0.79664559943585533386  3.00882942874219505569   91  124
0.80905293530479793773  3.06767083801123874309   91  125
0.82234106364713821513  3.12301419996797324785   91  126
0.83958968419605473077  3.17612438872326041661   91  127
0.85405098114841426771  3.22421135028704064496   91  128
0.86854370618666454362  3.26882477267284210498   91  129
0.88525502074680917364  3.31074089288822293042   91  130
0.90074354291262992422  3.34916772069313362081   91  131
0.91680047810143416864  3.38491996836785302705   91  132
0.93328051673252643283  3.41831027426773559341   91  133
0.94813059168642832564  3.44906529685412532871   91  134
0.96356813589390710728  3.47811069580458287476   91  135
0.97716414889270120092  3.50514281553952100623   91  136
0.99294686792256270369  3.53131979761953207486   91  137
0.99201595665589203943  1.42039545993676896707   92  102
0.97871328497338383468  1.48042963695080564968   92  103
0.96491467287827770161  1.54399943983325305119   92  104
0.94979501463534687922  1.61046138828445983826   92  105
0.93417621272877593430  1.68015027302220665284   92  106
0.91977371235813032424  1.75410432429104790053   92  107
0.90318109755645836767  1.82895299701238678303   92  108
0.88531455432321659593  1.90445275234154265398   92  109
0.86633196645832122318  1.97962013526571678490   92  110
0.85326442738315200209  2.06055831941663214479   92  111
0.83833725097396238901  2.13874365265461197083   92  112
0.82794577639769773025  2.21953742316369773135   92  113
0.81948433764776495991  2.29987002196915124586   92  114
0.81142606626347291154  2.37747066694962327915   92  115
0.80734926965641096164  2.45544636111170788695   92  116
0.80498574233054365212  2.53122118155334341338   92  117
0.80560834009014770096  2.60576045859234106672   92  118
0.80854473749198896293  2.67822597304989784561   92  119
0.81302514890926247393  2.74792649582825454502   92  120
0.81837023277205189764  2.81446675453893213614   92  121
0.82785339037581051613  2.87982220260682542090   92  122
0.83688754431026979308  2.94114627583225640706   92  123
0.84807356684237988897  2.99987588018187345540   92  124
0.85997678855022330335  3.05534185063251317871   92  125
0.87263809924188229239  3.10765856558722664005   92  126
0.88914653793151365857  3.15807794762817728440   92  127
0.90282222835661130045  3.20382755059490786920   92  128
0.91648879153084350513  3.24640021971430225989   92  129
0.93233893822988289646  3.28657189220944667696   92  130
0.94696717779425043648  3.32349003561508826721   92  131
0.96216323768611655698  3.35795786248825445242   92  132
0.97778728074925169711  3.39025645868428604501   92  133
0.99180574960193013112  3.42005266769868221388   92  134
0.99740078897516759593  1.47150550650891687177   93  102
0.98714417110510288556  1.53172962734892048609   93  103
0.97653224531991245083  1.59528796664630623248   93  104
0.96468931439688898610  1.66155305039504219700   93  105
0.95242939411369698099  1.73077626082960578380   93  106
0.94148542818719849201  1.80384077499836759095   93  107
0.92826935095979656865  1.87759952495717086229   93  108
0.91366300378293596740  1.95175385668732093158   93  109
0.89776353237719941358  2.02533521370705038578   93  110
0.88780727760501221280  2.10385525001642825771   93  111
0.87567356884158342734  2.17949719383505957637   93  112
0.86792761053394462678  2.25711386884051634638   93  113
0.86184264859459591701  2.33392177556549196282   93  114
0.85582871524163672827  2.40786493035723658807   93  115
0.85354551770234787789  2.48181147999123741243   93  116
0.85266790117819324379  2.55346138790960441867   93  117
0.85449823230609900371  2.62375338468408170201   93  118
0.85836265009003764881  2.69197820257899778085   93  119
0.86350321092868698170  2.75755196578519345962   93  120
0.86926334952347517060  2.82014908740128156239   93  121
0.87894790657357624308  2.88164940330753527320   93  122
0.88798429271682155495  2.93942521306159498806   93  123
0.89900259034880480868  2.99484280235825472971   93  124
0.91059486945129441970  3.04728052655522230197   93  125
0.92282744248948600507  3.09684821472464388847   93  126
0.93879857026180435486  3.14477337743347007404   93  127
0.95188228828421139749  3.18833778605189621658   93  128
0.96490931613502606279  3.22897426953541710759   93  129
0.98007792316626496376  3.26745105077275299621   93  130
0.99401398592316392300  3.30288381104057560123   93  131
0.99637351696423970271  1.58141302172738229537   94  103
0.98886743725666537141  1.64473316554938198131   94  104
0.98020533169855905697  1.71057342581559646000   94  105
0.97119003393834824056  1.77911105281300252479   94  106
0.96356565369917235309  1.85109133788735680248   94  107
0.95357920840338195045  1.92359036752767642575   94  108
0.94207885639273114542  1.99626542022636876972   94  109
0.92910586236795722481  2.06816984104005285872   94  110
0.92207778700066944655  2.14428750336620499439   94  111
0.91256863375951235984  2.21745641927135128668   94  112
0.90729610344442390701  2.29207980050641157987   94  113
0.90343019852597039598  2.36563534186366641876   94  114
0.89932827213903421271  2.43625566528004267042   94  115
0.89872686564361448092  2.50659625023087873075   94  116
0.89925322174831123778  2.57459227314336036585   94  117
0.90223927931987590867  2.64115086905698071007   94  118
0.90701138964758898364  2.70566544467517200445   94  119
0.91282249001895554574  2.76763645052651252598   94  120
0.91903582799001626302  2.82679178692704358156   94  121
0.92898622145706011288  2.88491689008409046835   94  122
0.93810945327399553051  2.93957580347558522504   94  123
0.94906227380385010939  2.99206601583655285026   94  124
0.96045833990174545036  3.04180880038152778866   94  125
0.97238555693795802881  3.08891015182575134901   94  126
0.98795085030635343415  3.13456761367629876958   94  127
0.99638324644224107729  1.75795453153984504446   95  105
0.99051730546755645257  1.82561860747477378020   95  106
0.98609637176551012683  1.89635361916427735984   95  107
0.97921739433322063650  1.96745747195161757581   95  108
0.97069562360992955874  2.03855192022145992325   95  109
0.96052070932865685204  2.10871677068545615441   95  110
0.95627191410286649376  2.18245942564533113028   95  111
0.94925157688135308742  2.25322636524430652827   95  112
0.94631561858128632192  2.32501701530436388765   95  113
0.94454503372442222275  2.39554764596791347486   95  114
0.94225238769636454617  2.46311749136142221772   95  115
0.94324694336374781400  2.53018936197222199525   95  116
0.94511531820513494662  2.59490190527912911733   95  117
0.94921868559024347167  2.65812756867419519580   95  118
0.95488474007714585490  2.71934330002259905257   95  119
0.96137644409391520561  2.77811741532200606741   95  120
0.96807454940424020329  2.83421991416326690683   95  121
0.97834279052974337798  2.88934433675393975705   95  122
0.98762072087207908311  2.94122539300818353070   95  123
0.99858995578408271676  2.99109397607440641309   95  124
0.99987436673315610580  2.07881110967178983628   96  109
0.99237458811096235234  2.14717483199431224961   96  110
0.99076408479156763409  2.21855951040964249898   96  111
0.98610356204495874799  2.28697788170359039839   96  112
0.98537422993388801284  2.35606339253844154769   96  113
0.98558035665985921359  2.42375025874097627110   96  114
0.98499644191155633077  2.48848543783292530662   96  115
0.98750018129550121149  2.55255572458670876301   96  116
0.99064357268803127088  2.61427734113141152505   96  117
0.99581632333828140613  2.67448644842293514756   96  118
