0.0000    1
0.0010    1
0.0020    1
0.0030    1
0.0040    1
0.0050    1
0.0060    1
0.0070    1
0.0080    1
0.0090    1
0.0100    2
0.0110    2
0.0120    2
0.0130    2
0.0140    2
0.0150    2
0.0160    2
0.0170    2
0.0180    2
0.0190    3
0.0200    3
0.0210    3
0.0220    3
0.0230    3
0.0240    3
0.0250    3
0.0260    3
0.0270    3
0.0280    3
0.0290    4
0.0300    4
0.0310    4
0.0320    4
0.0330    4
0.0340    4
0.0350    4
0.0360    4
0.0370    4
0.0380    5
0.0390    5
0.0400    5
0.0410    5
0.0420    5
0.0430    5
0.0440    5
0.0450    5
0.0460    5
0.0470    6
0.0480    6
0.0490    6
0.0500    6
0.0510    6
0.0520    6
0.0530    6
0.0540    6
0.0550    6
0.0560    7
0.0570    7
0.0580    7
0.0590    7
0.0600    7
0.0610    7
0.0620    7
0.0630    7
0.0640    7
0.0650    8
0.0660    8
0.0670    8
0.0680    8
0.0690    8
0.0700    8
0.0710    8
0.0720    8
0.0730    8
0.0740    9
0.0750    9
0.0760    9
0.0770    9
0.0780    9
0.0790    9
0.0800    9
0.0810    9
0.0820    9
0.0830   10
0.0840   10
0.0850   10
0.0860   10
0.0870   10
0.0880   10
0.0890   10
0.0900   10
0.0910   11
0.0920   11
0.0930   11
0.0940   11
0.0950   11
0.0960   11
0.0970   11
0.0980   11
0.0990   11
0.1000   12
0.1010   12
0.1020   12
0.1030   12
0.1040   12
0.1050   12
0.1060   12
0.1070   12
0.1080   12
0.1090   13
0.1100   13
0.1110   13
0.1120   13
0.1130   13
0.1140   13
0.1150   13
0.1160   13
0.1170   13
0.1180   14
0.1190   14
0.1200   14
0.1210   14
0.1220   14
0.1230   14
0.1240   14
0.1250   14
0.1260   14
0.1270   15
0.1280   15
0.1290   15
0.1300   15
0.1310   15
0.1320   15
0.1330   15
0.1340   15
0.1350   15
0.1360   16
0.1370   16
0.1380   16
0.1390   16
0.1400   16
0.1410   16
0.1420   16
0.1430   16
0.1440   17
0.1450   17
0.1460   17
0.1470   17
0.1480   17
0.1490   17
0.1500   17
0.1510   17
0.1520   17
0.1530   18
0.1540   18
0.1550   18
0.1560   18
0.1570   18
0.1580   18
0.1590   18
0.1600   18
0.1610   18
0.1620   19
0.1630   19
0.1640   19
0.1650   19
0.1660   19
0.1670   19
0.1680   19
0.1690   19
0.1700   20
0.1710   20
0.1720   20
0.1730   20
0.1740   20
0.1750   20
0.1760   20
0.1770   20
0.1780   20
0.1790   21
0.1800   21
0.1810   21
0.1820   21
0.1830   21
0.1840   21
0.1850   21
0.1860   21
0.1870   21
0.1880   22
0.1890   22
0.1900   22
0.1910   22
0.1920   22
0.1930   22
0.1940   22
0.1950   22
0.1960   22
0.1970   23
0.1980   23
0.1990   23
0.2000   23
0.2010   23
0.2020   23
0.2030   23
0.2040   23
0.2050   23
0.2060   24
0.2070   24
0.2080   24
0.2090   24
0.2100   24
0.2110   24
0.2120   24
0.2130   24
0.2140   24
0.2150   25
0.2160   25
0.2170   25
0.2180   25
0.2190   25
0.2200   25
0.2210   25
0.2220   25
0.2230   25
0.2240   25
0.2250   26
0.2260   26
0.2270   26
0.2280   26
0.2290   26
0.2300   26
0.2310   26
0.2320   26
0.2330   26
0.2340   26
0.2350   27
0.2360   27
0.2370   27
0.2380   27
0.2390   27
0.2400   27
0.2410   27
0.2420   27
0.2430   27
0.2440   27
0.2450   28
0.2460   28
0.2470   28
0.2480   28
0.2490   28
0.2500   28
0.2510   28
0.2520   28
0.2530   28
0.2540   28
0.2550   28
0.2560   29
0.2570   29
0.2580   29
0.2590   29
0.2600   29
0.2610   29
0.2620   29
0.2630   29
0.2640   29
0.2650   29
0.2660   29
0.2670   30
0.2680   30
0.2690   30
0.2700   30
0.2710   30
0.2720   30
0.2730   30
0.2740   30
0.2750   30
0.2760   30
0.2770   30
0.2780   31
0.2790   31
0.2800   31
0.2810   31
0.2820   31
0.2830   31
0.2840   31
0.2850   31
0.2860   31
0.2870   31
0.2880   31
0.2890   32
0.2900   32
0.2910   32
0.2920   32
0.2930   32
0.2940   32
0.2950   32
0.2960   32
0.2970   32
0.2980   32
0.2990   32
0.3000   32
0.3010   33
0.3020   33
0.3030   33
0.3040   33
0.3050   33
0.3060   33
0.3070   33
0.3080   33
0.3090   33
0.3100   33
0.3110   33
0.3120   34
0.3130   34
0.3140   34
0.3150   34
0.3160   34
0.3170   34
0.3180   34
0.3190   34
0.3200   34
0.3210   34
0.3220   34
0.3230   34
0.3240   35
0.3250   35
0.3260   35
0.3270   35
0.3280   35
0.3290   35
0.3300   35
0.3310   35
0.3320   35
0.3330   35
0.3340   35
0.3350   35
0.3360   36
0.3370   36
0.3380   36
0.3390   36
0.3400   36
0.3410   36
0.3420   36
0.3430   36
0.3440   36
0.3450   36
0.3460   36
0.3470   36
0.3480   37
0.3490   37
0.3500   37
0.3510   37
0.3520   37
0.3530   37
0.3540   37
0.3550   37
0.3560   37
0.3570   37
0.3580   37
0.3590   37
0.3600   38
0.3610   38
0.3620   38
0.3630   38
0.3640   38
0.3650   38
0.3660   38
0.3670   38
0.3680   38
0.3690   38
0.3700   38
0.3710   38
0.3720   39
0.3730   39
0.3740   39
0.3750   39
0.3760   39
0.3770   39
0.3780   39
0.3790   39
0.3800   39
0.3810   39
0.3820   39
0.3830   39
0.3840   39
0.3850   40
0.3860   40
0.3870   40
0.3880   40
0.3890   40
0.3900   40
0.3910   40
0.3920   40
0.3930   40
0.3940   40
0.3950   40
0.3960   40
0.3970   40
0.3980   41
0.3990   41
0.4000   41
0.4010   41
0.4020   41
0.4030   41
0.4040   41
0.4050   41
0.4060   41
0.4070   41
0.4080   41
0.4090   41
0.4100   41
0.4110   42
0.4120   42
0.4130   42
0.4140   42
0.4150   42
0.4160   42
0.4170   42
0.4180   42
0.4190   42
0.4200   42
0.4210   42
0.4220   42
0.4230   42
0.4240   43
0.4250   43
0.4260   43
0.4270   43
0.4280   43
0.4290   43
0.4300   43
0.4310   43
0.4320   43
0.4330   43
0.4340   43
0.4350   43
0.4360   43
0.4370   43
0.4380   44
0.4390   44
0.4400   44
0.4410   44
0.4420   44
0.4430   44
0.4440   44
0.4450   44
0.4460   44
0.4470   44
0.4480   44
0.4490   44
0.4500   44
0.4510   44
0.4520   45
0.4530   45
0.4540   45
0.4550   45
0.4560   45
0.4570   45
0.4580   45
0.4590   45
0.4600   45
0.4610   45
0.4620   45
0.4630   45
0.4640   45
0.4650   45
0.4660   46
0.4670   46
0.4680   46
0.4690   46
0.4700   46
0.4710   46
0.4720   46
0.4730   46
0.4740   46
0.4750   46
0.4760   46
0.4770   46
0.4780   46
0.4790   46
0.4800   46
0.4810   47
0.4820   47
0.4830   47
0.4840   47
0.4850   47
0.4860   47
0.4870   47
0.4880   47
0.4890   47
0.4900   47
0.4910   47
0.4920   47
0.4930   47
0.4940   47
0.4950   47
0.4960   48
0.4970   48
0.4980   48
0.4990   48
0.5000   48
0.5010   48
0.5020   48
0.5030   48
0.5040   48
0.5050   48
0.5060   48
0.5070   48
0.5080   48
0.5090   48
0.5100   48
0.5110   49
0.5120   49
0.5130   49
0.5140   49
0.5150   49
0.5160   49
0.5170   49
0.5180   49
0.5190   49
0.5200   49
0.5210   49
0.5220   49
0.5230   49
0.5240   49
0.5250   49
0.5260   49
0.5270   50
0.5280   50
0.5290   50
0.5300   50
0.5310   50
0.5320   50
0.5330   50
0.5340   50
0.5350   50
0.5360   50
0.5370   50
0.5380   50
0.5390   50
0.5400   50
0.5410   50
0.5420   50
0.5430   51
0.5440   51
0.5450   51
0.5460   51
0.5470   51
0.5480   51
0.5490   51
0.5500   51
0.5510   51
0.5520   51
0.5530   51
0.5540   51
0.5550   51
0.5560   51
0.5570   51
0.5580   51
0.5590   52
0.5600   52
0.5610   52
0.5620   52
0.5630   52
0.5640   52
0.5650   52
0.5660   52
0.5670   52
0.5680   52
0.5690   52
0.5700   52
0.5710   52
0.5720   52
0.5730   52
0.5740   52
0.5750   53
0.5760   53
0.5770   53
0.5780   53
0.5790   53
0.5800   53
0.5810   53
0.5820   53
0.5830   53
0.5840   53
0.5850   53
0.5860   53
0.5870   53
0.5880   53
0.5890   53
0.5900   53
0.5910   53
0.5920   54
0.5930   54
0.5940   54
0.5950   54
0.5960   54
0.5970   54
0.5980   54
0.5990   54
0.6000   54
0.6010   54
0.6020   54
0.6030   54
0.6040   54
0.6050   54
0.6060   54
0.6070   54
0.6080   54
0.6090   55
0.6100   55
0.6110   55
0.6120   55
0.6130   55
0.6140   55
0.6150   55
0.6160   55
0.6170   55
0.6180   55
0.6190   55
0.6200   55
0.6210   55
0.6220   55
0.6230   55
0.6240   55
0.6250   55
0.6260   56
0.6270   56
0.6280   56
0.6290   56
0.6300   56
0.6310   56
0.6320   56
0.6330   56
0.6340   56
0.6350   56
0.6360   56
0.6370   56
0.6380   56
0.6390   56
0.6400   56
0.6410   56
0.6420   56
0.6430   57
0.6440   57
0.6450   57
0.6460   57
0.6470   57
0.6480   57
0.6490   57
0.6500   57
0.6510   57
0.6520   57
0.6530   57
0.6540   57
0.6550   57
0.6560   57
0.6570   57
0.6580   57
0.6590   57
0.6600   57
0.6610   58
0.6620   58
0.6630   58
0.6640   58
0.6650   58
0.6660   58
0.6670   58
0.6680   58
0.6690   58
0.6700   58
0.6710   58
0.6720   58
0.6730   58
0.6740   58
0.6750   58
0.6760   58
0.6770   58
0.6780   58
0.6790   59
0.6800   59
0.6810   59
0.6820   59
0.6830   59
0.6840   59
0.6850   59
0.6860   59
0.6870   59
0.6880   59
0.6890   59
0.6900   59
0.6910   59
0.6920   59
0.6930   59
0.6940   59
0.6950   59
0.6960   59
0.6970   60
0.6980   60
0.6990   60
0.7000   60
0.7010   60
0.7020   60
0.7030   60
0.7040   60
0.7050   60
0.7060   60
0.7070   60
0.7080   60
0.7090   60
0.7100   60
0.7110   60
0.7120   60
0.7130   60
0.7140   60
0.7150   61
0.7160   61
0.7170   61
0.7180   61
0.7190   61
0.7200   61
0.7210   61
0.7220   61
0.7230   61
0.7240   61
0.7250   61
0.7260   61
0.7270   61
0.7280   61
0.7290   61
0.7300   61
0.7310   61
0.7320   61
0.7330   61
0.7340   62
0.7350   62
0.7360   62
0.7370   62
0.7380   62
0.7390   62
0.7400   62
0.7410   62
0.7420   62
0.7430   62
0.7440   62
0.7450   62
0.7460   62
0.7470   62
0.7480   62
0.7490   62
0.7500   62
0.7510   62
0.7520   62
0.7530   63
0.7540   63
0.7550   63
0.7560   63
0.7570   63
0.7580   63
0.7590   63
0.7600   63
0.7610   63
0.7620   63
0.7630   63
0.7640   63
0.7650   63
0.7660   63
0.7670   63
0.7680   63
0.7690   63
0.7700   63
0.7710   63
0.7720   63
0.7730   64
0.7740   64
0.7750   64
0.7760   64
0.7770   64
0.7780   64
0.7790   64
0.7800   64
0.7810   64
0.7820   64
0.7830   64
0.7840   64
0.7850   64
0.7860   64
0.7870   64
0.7880   64
0.7890   64
0.7900   64
0.7910   64
0.7920   64
0.7930   65
0.7940   65
0.7950   65
0.7960   65
0.7970   65
0.7980   65
0.7990   65
0.8000   65
0.8010   65
0.8020   65
0.8030   65
0.8040   65
0.8050   65
0.8060   65
0.8070   65
0.8080   65
0.8090   65
0.8100   65
0.8110   65
0.8120   65
0.8130   65
0.8140   65
0.8150   66
0.8160   66
0.8170   66
0.8180   66
0.8190   66
0.8200   66
0.8210   66
0.8220   66
0.8230   66
0.8240   66
0.8250   66
0.8260   66
0.8270   66
0.8280   66
0.8290   66
0.8300   66
0.8310   66
0.8320   66
0.8330   66
0.8340   66
0.8350   66
0.8360   66
0.8370   66
0.8380   67
0.8390   67
0.8400   67
0.8410   67
0.8420   67
0.8430   67
0.8440   67
0.8450   67
0.8460   67
0.8470   67
0.8480   67
0.8490   67
0.8500   67
0.8510   67
0.8520   67
0.8530   67
0.8540   67
0.8550   67
0.8560   67
0.8570   67
0.8580   67
0.8590   67
0.8600   67
0.8610   68
0.8620   68
0.8630   68
0.8640   68
0.8650   68
0.8660   68
0.8670   68
0.8680   68
0.8690   68
0.8700   68
0.8710   68
0.8720   68
0.8730   68
0.8740   68
0.8750   68
0.8760   68
0.8770   68
0.8780   68
0.8790   68
0.8800   68
0.8810   68
0.8820   68
0.8830   68
0.8840   68
0.8850   68
0.8860   69
0.8870   69
0.8880   69
0.8890   69
0.8900   69
0.8910   69
0.8920   69
0.8930   69
0.8940   69
0.8950   69
0.8960   69
0.8970   69
0.8980   69
0.8990   69
0.9000   69
0.9010   69
0.9020   69
0.9030   69
0.9040   69
0.9050   69
0.9060   69
0.9070   69
0.9080   69
0.9090   69
0.9100   69
0.9110   70
0.9120   70
0.9130   70
0.9140   70
0.9150   70
0.9160   70
0.9170   70
0.9180   70
0.9190   70
0.9200   70
0.9210   70
0.9220   70
0.9230   70
0.9240   70
0.9250   70
0.9260   70
0.9270   70
0.9280   70
0.9290   70
0.9300   70
0.9310   70
0.9320   70
0.9330   70
0.9340   70
0.9350   70
0.9360   70
0.9370   71
0.9380   71
0.9390   71
0.9400   71
0.9410   71
0.9420   71
0.9430   71
0.9440   71
0.9450   71
0.9460   71
0.9470   71
0.9480   71
0.9490   71
0.9500   71
0.9510   71
0.9520   71
0.9530   71
0.9540   71
0.9550   71
0.9560   71
0.9570   71
0.9580   71
0.9590   71
0.9600   71
0.9610   71
0.9620   71
0.9630   71
0.9640   72
0.9650   72
0.9660   72
0.9670   72
0.9680   72
0.9690   72
0.9700   72
0.9710   72
0.9720   72
0.9730   72
0.9740   72
0.9750   72
0.9760   72
0.9770   72
0.9780   72
0.9790   72
0.9800   72
0.9810   72
0.9820   72
0.9830   72
0.9840   72
0.9850   72
0.9860   72
0.9870   72
0.9880   72
0.9890   72
0.9900   72
0.9910   73
0.9920   73
0.9930   73
0.9940   73
0.9950   73
0.9960   73
0.9970   73
0.9980   73
0.9990   73
1.0000   73
1.0010   73
1.0020   73
1.0030   73
1.0040   73
1.0050   73
1.0060   73
1.0070   73
1.0080   73
1.0090   73
1.0100   73
1.0110   73
1.0120   73
1.0130   73
1.0140   73
1.0150   73
1.0160   73
1.0170   73
1.0180   73
1.0190   74
1.0200   74
1.0210   74
1.0220   74
1.0230   74
1.0240   74
1.0250   74
1.0260   74
1.0270   74
1.0280   74
1.0290   74
1.0300   74
1.0310   74
1.0320   74
1.0330   74
1.0340   74
1.0350   74
1.0360   74
1.0370   74
1.0380   74
1.0390   74
1.0400   74
1.0410   74
1.0420   74
1.0430   74
1.0440   74
1.0450   74
1.0460   74
1.0470   74
1.0480   75
1.0490   75
1.0500   75
1.0510   75
1.0520   75
1.0530   75
1.0540   75
1.0550   75
1.0560   75
1.0570   75
1.0580   75
1.0590   75
1.0600   75
1.0610   75
1.0620   75
1.0630   75
1.0640   75
1.0650   75
1.0660   75
1.0670   75
1.0680   75
1.0690   75
1.0700   75
1.0710   75
1.0720   75
1.0730   75
1.0740   75
1.0750   75
1.0760   75
1.0770   75
1.0780   76
1.0790   76
1.0800   76
1.0810   76
1.0820   76
1.0830   76
1.0840   76
1.0850   76
1.0860   76
1.0870   76
1.0880   76
1.0890   76
1.0900   76
1.0910   76
1.0920   76
1.0930   76
1.0940   76
1.0950   76
1.0960   76
1.0970   76
1.0980   76
1.0990   76
1.1000   76
1.1010   76
1.1020   76
1.1030   76
1.1040   76
1.1050   76
1.1060   76
1.1070   76
1.1080   76
1.1090   76
1.1100   77
1.1110   77
1.1120   77
1.1130   77
1.1140   77
1.1150   77
1.1160   77
1.1170   77
1.1180   77
1.1190   77
1.1200   77
1.1210   77
1.1220   77
1.1230   77
1.1240   77
1.1250   77
1.1260   77
1.1270   77
1.1280   77
1.1290   77
1.1300   77
1.1310   77
1.1320   77
1.1330   77
1.1340   77
1.1350   77
1.1360   77
1.1370   77
1.1380   77
1.1390   77
1.1400   77
1.1410   77
1.1420   77
1.1430   77
1.1440   78
1.1450   78
1.1460   78
1.1470   78
1.1480   78
1.1490   78
1.1500   78
1.1510   78
1.1520   78
1.1530   78
1.1540   78
1.1550   78
1.1560   78
1.1570   78
1.1580   78
1.1590   78
1.1600   78
1.1610   78
1.1620   78
1.1630   78
1.1640   78
1.1650   78
1.1660   78
1.1670   78
1.1680   78
1.1690   78
1.1700   78
1.1710   78
1.1720   78
1.1730   78
1.1740   78
1.1750   78
1.1760   78
1.1770   78
1.1780   78
1.1790   78
1.1800   78
1.1810   79
1.1820   79
1.1830   79
1.1840   79
1.1850   79
1.1860   79
1.1870   79
1.1880   79
1.1890   79
1.1900   79
1.1910   79
1.1920   79
1.1930   79
1.1940   79
1.1950   79
1.1960   79
1.1970   79
1.1980   79
1.1990   79
1.2000   79
1.2010   79
1.2020   79
1.2030   79
1.2040   79
1.2050   79
1.2060   79
1.2070   79
1.2080   79
1.2090   79
1.2100   79
1.2110   79
1.2120   79
1.2130   79
1.2140   79
1.2150   79
1.2160   79
1.2170   79
1.2180   79
1.2190   79
1.2200   79
1.2210   80
1.2220   80
1.2230   80
1.2240   80
1.2250   80
1.2260   80
1.2270   80
1.2280   80
1.2290   80
1.2300   80
1.2310   80
1.2320   80
1.2330   80
1.2340   80
1.2350   80
1.2360   80
1.2370   80
1.2380   80
1.2390   80
1.2400   80
1.2410   80
1.2420   80
1.2430   80
1.2440   80
1.2450   80
1.2460   80
1.2470   80
1.2480   80
1.2490   80
1.2500   80
1.2510   80
1.2520   80
1.2530   80
1.2540   80
1.2550   80
1.2560   80
1.2570   80
1.2580   80
1.2590   80
1.2600   80
1.2610   80
1.2620   80
1.2630   80
1.2640   81
1.2650   81
1.2660   81
1.2670   81
1.2680   81
1.2690   81
1.2700   81
1.2710   81
1.2720   81
1.2730   81
1.2740   81
1.2750   81
1.2760   81
1.2770   81
1.2780   81
1.2790   81
1.2800   81
1.2810   81
1.2820   81
1.2830   81
1.2840   81
1.2850   81
1.2860   81
1.2870   81
1.2880   81
1.2890   81
1.2900   81
1.2910   81
1.2920   81
1.2930   81
1.2940   81
1.2950   81
1.2960   81
1.2970   81
1.2980   81
1.2990   81
1.3000   81
1.3010   81
1.3020   81
1.3030   81
1.3040   81
1.3050   81
1.3060   81
1.3070   81
1.3080   81
1.3090   81
1.3100   81
1.3110   81
1.3120   82
1.3130   82
1.3140   82
1.3150   82
1.3160   82
1.3170   82
1.3180   82
1.3190   82
1.3200   82
1.3210   82
1.3220   82
1.3230   82
1.3240   82
1.3250   82
1.3260   82
1.3270   82
1.3280   82
1.3290   82
1.3300   82
1.3310   82
1.3320   82
1.3330   82
1.3340   82
1.3350   82
1.3360   82
1.3370   82
1.3380   82
1.3390   82
1.3400   82
1.3410   82
1.3420   82
1.3430   82
1.3440   82
1.3450   82
1.3460   82
1.3470   82
1.3480   82
1.3490   82
1.3500   82
1.3510   82
1.3520   82
1.3530   82
1.3540   82
1.3550   82
1.3560   82
1.3570   82
1.3580   82
1.3590   82
1.3600   82
1.3610   82
1.3620   82
1.3630   83
1.3640   83
1.3650   83
1.3660   83
1.3670   83
1.3680   83
1.3690   83
1.3700   83
1.3710   83
1.3720   83
1.3730   83
1.3740   83
1.3750   83
1.3760   83
1.3770   83
1.3780   83
1.3790   83
1.3800   83
1.3810   83
1.3820   83
1.3830   83
1.3840   83
1.3850   83
1.3860   83
1.3870   83
1.3880   83
1.3890   83
1.3900   83
1.3910   83
1.3920   83
1.3930   83
1.3940   83
1.3950   83
1.3960   83
1.3970   83
1.3980   83
1.3990   83
1.4000   83
1.4010   83
1.4020   83
1.4030   83
1.4040   83
1.4050   83
1.4060   83
1.4070   83
1.4080   83
1.4090   83
1.4100   83
1.4110   83
1.4120   83
1.4130   83
1.4140   83
1.4150   83
1.4160   83
1.4170   83
1.4180   83
1.4190   84
1.4200   84
1.4210   84
1.4220   84
1.4230   84
1.4240   84
1.4250   84
1.4260   84
1.4270   84
1.4280   84
1.4290   84
1.4300   84
1.4310   84
1.4320   84
1.4330   84
1.4340   84
1.4350   84
1.4360   84
1.4370   84
1.4380   84
1.4390   84
1.4400   84
1.4410   84
1.4420   84
1.4430   84
1.4440   84
1.4450   84
1.4460   84
1.4470   84
1.4480   84
1.4490   84
1.4500   84
1.4510   84
1.4520   84
1.4530   84
1.4540   84
1.4550   84
1.4560   84
1.4570   84
1.4580   84
1.4590   84
1.4600   84
1.4610   84
1.4620   84
1.4630   84
1.4640   84
1.4650   84
1.4660   84
1.4670   84
1.4680   84
1.4690   84
1.4700   84
1.4710   84
1.4720   84
1.4730   84
1.4740   84
1.4750   84
1.4760   84
1.4770   84
1.4780   84
1.4790   85
1.4800   85
1.4810   85
1.4820   85
1.4830   85
1.4840   85
1.4850   85
1.4860   85
1.4870   85
1.4880   85
1.4890   85
1.4900   85
1.4910   85
1.4920   85
1.4930   85
1.4940   85
1.4950   85
1.4960   85
1.4970   85
1.4980   85
1.4990   85
1.5000   85
1.5010   85
1.5020   85
1.5030   85
1.5040   85
1.5050   85
1.5060   85
1.5070   85
1.5080   85
1.5090   85
1.5100   85
1.5110   85
1.5120   85
1.5130   85
1.5140   85
1.5150   85
1.5160   85
1.5170   85
1.5180   85
1.5190   85
1.5200   85
1.5210   85
1.5220   85
1.5230   85
1.5240   85
1.5250   85
1.5260   85
1.5270   85
1.5280   85
1.5290   85
1.5300   85
1.5310   85
1.5320   85
1.5330   85
1.5340   85
1.5350   85
1.5360   85
1.5370   85
1.5380   85
1.5390   85
1.5400   85
1.5410   85
1.5420   85
1.5430   86
1.5440   86
1.5450   86
1.5460   86
1.5470   86
1.5480   86
1.5490   86
1.5500   86
1.5510   86
1.5520   86
1.5530   86
1.5540   86
1.5550   86
1.5560   86
1.5570   86
1.5580   86
1.5590   86
1.5600   86
1.5610   86
1.5620   86
1.5630   86
1.5640   86
1.5650   86
1.5660   86
1.5670   86
1.5680   86
1.5690   86
1.5700   86
1.5710   86
1.5720   86
1.5730   86
1.5740   86
1.5750   86
1.5760   86
1.5770   86
1.5780   86
1.5790   86
1.5800   86
1.5810   86
1.5820   86
1.5830   86
1.5840   86
1.5850   86
1.5860   86
1.5870   86
1.5880   86
1.5890   86
1.5900   86
1.5910   86
1.5920   86
1.5930   86
1.5940   86
1.5950   86
1.5960   86
1.5970   86
1.5980   86
1.5990   86
1.6000   86
1.6010   86
1.6020   86
1.6030   86
1.6040   86
1.6050   86
1.6060   86
1.6070   86
1.6080   86
1.6090   86
1.6100   86
1.6110   87
1.6120   87
1.6130   87
1.6140   87
1.6150   87
1.6160   87
1.6170   87
1.6180   87
1.6190   87
1.6200   87
1.6210   87
1.6220   87
1.6230   87
1.6240   87
1.6250   87
1.6260   87
1.6270   87
1.6280   87
1.6290   87
1.6300   87
1.6310   87
1.6320   87
1.6330   87
1.6340   87
1.6350   87
1.6360   87
1.6370   87
1.6380   87
1.6390   87
1.6400   87
1.6410   87
1.6420   87
1.6430   87
1.6440   87
1.6450   87
1.6460   87
1.6470   87
1.6480   87
1.6490   87
1.6500   87
1.6510   87
1.6520   87
1.6530   87
1.6540   87
1.6550   87
1.6560   87
1.6570   87
1.6580   87
1.6590   87
1.6600   87
1.6610   87
1.6620   87
1.6630   87
1.6640   87
1.6650   87
1.6660   87
1.6670   87
1.6680   87
1.6690   87
1.6700   87
1.6710   87
1.6720   87
1.6730   87
1.6740   87
1.6750   87
1.6760   87
1.6770   87
1.6780   87
1.6790   87
1.6800   87
1.6810   87
1.6820   88
1.6830   88
1.6840   88
1.6850   88
1.6860   88
1.6870   88
1.6880   88
1.6890   88
1.6900   88
1.6910   88
1.6920   88
1.6930   88
1.6940   88
1.6950   88
1.6960   88
1.6970   88
1.6980   88
1.6990   88
1.7000   88
1.7010   88
1.7020   88
1.7030   88
1.7040   88
1.7050   88
1.7060   88
1.7070   88
1.7080   88
1.7090   88
1.7100   88
1.7110   88
1.7120   88
1.7130   88
1.7140   88
1.7150   88
1.7160   88
1.7170   88
1.7180   88
1.7190   88
1.7200   88
1.7210   88
1.7220   88
1.7230   88
1.7240   88
1.7250   88
1.7260   88
1.7270   88
1.7280   88
1.7290   88
1.7300   88
1.7310   88
1.7320   88
1.7330   88
1.7340   88
1.7350   88
1.7360   88
1.7370   88
1.7380   88
1.7390   88
1.7400   88
1.7410   88
1.7420   88
1.7430   88
1.7440   88
1.7450   88
1.7460   88
1.7470   88
1.7480   88
1.7490   88
1.7500   88
1.7510   88
1.7520   88
1.7530   88
1.7540   88
1.7550   88
1.7560   89
1.7570   89
1.7580   89
1.7590   89
1.7600   89
1.7610   89
1.7620   89
1.7630   89
1.7640   89
1.7650   89
1.7660   89
1.7670   89
1.7680   89
1.7690   89
1.7700   89
1.7710   89
1.7720   89
1.7730   89
1.7740   89
1.7750   89
1.7760   89
1.7770   89
1.7780   89
1.7790   89
1.7800   89
1.7810   89
1.7820   89
1.7830   89
1.7840   89
1.7850   89
1.7860   89
1.7870   89
1.7880   89
1.7890   89
1.7900   89
1.7910   89
1.7920   89
1.7930   89
1.7940   89
1.7950   89
1.7960   89
1.7970   89
1.7980   89
1.7990   89
1.8000   89
1.8010   89
1.8020   89
1.8030   89
1.8040   89
1.8050   89
1.8060   89
1.8070   89
1.8080   89
1.8090   89
1.8100   89
1.8110   89
1.8120   89
1.8130   89
1.8140   89
1.8150   89
1.8160   89
1.8170   89
1.8180   89
1.8190   89
1.8200   89
1.8210   89
1.8220   89
1.8230   89
1.8240   89
1.8250   89
1.8260   89
1.8270   89
1.8280   89
1.8290   89
1.8300   89
1.8310   89
1.8320   89
1.8330   89
1.8340   90
1.8350   90
1.8360   90
1.8370   90
1.8380   90
1.8390   90
1.8400   90
1.8410   90
1.8420   90
1.8430   90
1.8440   90
1.8450   90
1.8460   90
1.8470   90
1.8480   90
1.8490   90
1.8500   90
1.8510   90
1.8520   90
1.8530   90
1.8540   90
1.8550   90
1.8560   90
1.8570   90
1.8580   90
1.8590   90
1.8600   90
1.8610   90
1.8620   90
1.8630   90
1.8640   90
1.8650   90
1.8660   90
1.8670   90
1.8680   90
1.8690   90
1.8700   90
1.8710   90
1.8720   90
1.8730   90
1.8740   90
1.8750   90
1.8760   90
1.8770   90
1.8780   90
1.8790   90
1.8800   90
1.8810   90
1.8820   90
1.8830   90
1.8840   90
1.8850   90
1.8860   90
1.8870   90
1.8880   90
1.8890   90
1.8900   90
1.8910   90
1.8920   90
1.8930   90
1.8940   90
1.8950   90
1.8960   90
1.8970   90
1.8980   90
1.8990   90
1.9000   90
1.9010   90
1.9020   90
1.9030   90
1.9040   90
1.9050   90
1.9060   90
1.9070   90
1.9080   90
1.9090   90
1.9100   90
1.9110   90
1.9120   90
1.9130   90
1.9140   90
1.9150   91
1.9160   91
1.9170   91
1.9180   91
1.9190   91
1.9200   91
1.9210   91
1.9220   91
1.9230   91
1.9240   91
1.9250   91
1.9260   91
1.9270   91
1.9280   91
1.9290   91
1.9300   91
1.9310   91
1.9320   91
1.9330   91
1.9340   91
1.9350   91
1.9360   91
1.9370   91
1.9380   91
1.9390   91
1.9400   91
1.9410   91
1.9420   91
1.9430   91
1.9440   91
1.9450   91
1.9460   91
1.9470   91
1.9480   91
1.9490   91
1.9500   91
1.9510   91
1.9520   91
1.9530   91
1.9540   91
1.9550   91
1.9560   91
1.9570   91
1.9580   91
1.9590   91
1.9600   91
1.9610   91
1.9620   91
1.9630   91
1.9640   91
1.9650   91
1.9660   91
1.9670   91
1.9680   91
1.9690   91
1.9700   91
1.9710   91
1.9720   91
1.9730   91
1.9740   91
1.9750   91
1.9760   91
1.9770   91
1.9780   91
1.9790   91
1.9800   91
1.9810   91
1.9820   91
1.9830   91
1.9840   91
1.9850   91
1.9860   91
1.9870   91
1.9880   91
1.9890   91
1.9900   91
1.9910   91
1.9920   91
1.9930   91
1.9940   91
1.9950   91
1.9960   91
1.9970   91
1.9980   92
1.9990   92
2.0000   92
2.0010   92
2.0020   92
2.0030   92
2.0040   92
2.0050   92
2.0060   92
2.0070   92
2.0080   92
2.0090   92
2.0100   92
2.0110   92
2.0120   92
2.0130   92
2.0140   92
2.0150   92
2.0160   92
2.0170   92
2.0180   92
2.0190   92
2.0200   92
2.0210   92
2.0220   92
2.0230   92
2.0240   92
2.0250   92
2.0260   92
2.0270   92
2.0280   92
2.0290   92
2.0300   92
2.0310   92
2.0320   92
2.0330   92
2.0340   92
2.0350   92
2.0360   92
2.0370   92
2.0380   92
2.0390   92
2.0400   92
2.0410   92
2.0420   92
2.0430   92
2.0440   92
2.0450   92
2.0460   92
2.0470   92
2.0480   92
2.0490   92
2.0500   92
2.0510   92
2.0520   92
2.0530   92
2.0540   92
2.0550   92
2.0560   92
2.0570   92
2.0580   92
2.0590   92
2.0600   92
2.0610   92
2.0620   92
2.0630   92
2.0640   92
2.0650   92
2.0660   92
2.0670   92
2.0680   92
2.0690   92
2.0700   92
2.0710   92
2.0720   92
2.0730   92
2.0740   92
2.0750   92
2.0760   92
2.0770   92
2.0780   92
2.0790   92
2.0800   92
2.0810   92
2.0820   92
2.0830   93
2.0840   93
2.0850   93
2.0860   93
2.0870   93
2.0880   93
2.0890   93
2.0900   93
2.0910   93
2.0920   93
2.0930   93
2.0940   93
2.0950   93
2.0960   93
2.0970   93
2.0980   93
2.0990   93
2.1000   93
2.1010   93
2.1020   93
2.1030   93
2.1040   93
2.1050   93
2.1060   93
2.1070   93
2.1080   93
2.1090   93
2.1100   93
2.1110   93
2.1120   93
2.1130   93
2.1140   93
2.1150   93
2.1160   93
2.1170   93
2.1180   93
2.1190   93
2.1200   93
2.1210   93
2.1220   93
2.1230   93
2.1240   93
2.1250   93
2.1260   93
2.1270   93
2.1280   93
2.1290   93
2.1300   93
2.1310   93
2.1320   93
2.1330   93
2.1340   93
2.1350   93
2.1360   93
2.1370   93
2.1380   93
2.1390   93
2.1400   93
2.1410   93
2.1420   93
2.1430   93
2.1440   93
2.1450   93
2.1460   93
2.1470   93
2.1480   93
2.1490   93
2.1500   93
2.1510   93
2.1520   93
2.1530   93
2.1540   93
2.1550   93
2.1560   93
2.1570   93
2.1580   93
2.1590   93
2.1600   93
2.1610   93
2.1620   93
2.1630   93
2.1640   93
2.1650   93
2.1660   93
2.1670   93
2.1680   93
2.1690   93
2.1700   93
2.1710   93
2.1720   94
2.1730   94
2.1740   94
2.1750   94
2.1760   94
2.1770   94
2.1780   94
2.1790   94
2.1800   94
2.1810   94
2.1820   94
2.1830   94
2.1840   94
2.1850   94
2.1860   94
2.1870   94
2.1880   94
2.1890   94
2.1900   94
2.1910   94
2.1920   94
2.1930   94
2.1940   94
2.1950   94
2.1960   94
2.1970   94
2.1980   94
2.1990   94
2.2000   94
2.2010   94
2.2020   94
2.2030   94
2.2040   94
2.2050   94
2.2060   94
2.2070   94
2.2080   94
2.2090   94
2.2100   94
2.2110   94
2.2120   94
2.2130   94
2.2140   94
2.2150   94
2.2160   94
2.2170   94
2.2180   94
2.2190   94
2.2200   94
2.2210   94
2.2220   94
2.2230   94
2.2240   94
2.2250   94
2.2260   94
2.2270   94
2.2280   94
2.2290   94
2.2300   94
2.2310   94
2.2320   94
2.2330   94
2.2340   94
2.2350   94
2.2360   94
2.2370   94
2.2380   94
2.2390   94
2.2400   94
2.2410   94
2.2420   94
2.2430   94
2.2440   94
2.2450   94
2.2460   94
2.2470   94
2.2480   94
2.2490   94
2.2500   94
2.2510   94
2.2520   94
2.2530   94
2.2540   94
2.2550   94
2.2560   94
2.2570   94
2.2580   94
2.2590   94
2.2600   94
2.2610   94
2.2620   95
2.2630   95
2.2640   95
2.2650   95
2.2660   95
2.2670   95
2.2680   95
2.2690   95
2.2700   95
2.2710   95
2.2720   95
2.2730   95
2.2740   95
2.2750   95
2.2760   95
2.2770   95
2.2780   95
2.2790   95
2.2800   95
2.2810   95
2.2820   95
2.2830   95
2.2840   95
2.2850   95
2.2860   95
2.2870   95
2.2880   95
2.2890   95
2.2900   95
2.2910   95
2.2920   95
2.2930   95
2.2940   95
2.2950   95
2.2960   95
2.2970   95
2.2980   95
2.2990   95
2.3000   95
2.3010   95
2.3020   95
2.3030   95
2.3040   95
2.3050   95
2.3060   95
2.3070   95
2.3080   95
2.3090   95
2.3100   95
2.3110   95
2.3120   95
2.3130   95
2.3140   95
2.3150   95
2.3160   95
2.3170   95
2.3180   95
2.3190   95
2.3200   95
2.3210   95
2.3220   95
2.3230   95
2.3240   95
2.3250   95
2.3260   95
2.3270   95
2.3280   95
2.3290   95
2.3300   95
2.3310   95
2.3320   95
2.3330   95
2.3340   95
2.3350   95
2.3360   95
2.3370   95
2.3380   95
2.3390   95
2.3400   95
2.3410   95
2.3420   95
2.3430   95
2.3440   95
2.3450   95
2.3460   95
2.3470   95
2.3480   95
2.3490   95
2.3500   95
2.3510   95
2.3520   95
2.3530   95
2.3540   95
2.3550   96
2.3560   96
2.3570   96
2.3580   96
2.3590   96
2.3600   96
2.3610   96
2.3620   96
2.3630   96
2.3640   96
2.3650   96
2.3660   96
2.3670   96
2.3680   96
2.3690   96
2.3700   96
2.3710   96
2.3720   96
2.3730   96
2.3740   96
2.3750   96
2.3760   96
2.3770   96
2.3780   96
2.3790   96
2.3800   96
2.3810   96
2.3820   96
2.3830   96
2.3840   96
2.3850   96
2.3860   96
2.3870   96
2.3880   96
2.3890   96
2.3900   96
2.3910   96
2.3920   96
2.3930   96
2.3940   96
2.3950   96
2.3960   96
2.3970   96
2.3980   96
2.3990   96
2.4000   96
2.4010   96
2.4020   96
2.4030   96
2.4040   96
2.4050   96
2.4060   96
2.4070   96
2.4080   96
2.4090   96
2.4100   96
2.4110   96
2.4120   96
2.4130   96
2.4140   96
2.4150   96
2.4160   96
2.4170   96
2.4180   96
2.4190   96
2.4200   96
2.4210   96
2.4220   96
2.4230   96
2.4240   96
2.4250   96
2.4260   96
2.4270   96
2.4280   96
2.4290   96
2.4300   96
2.4310   96
2.4320   96
2.4330   96
2.4340   96
2.4350   96
2.4360   96
2.4370   96
2.4380   96
2.4390   96
2.4400   96
2.4410   96
2.4420   96
2.4430   96
2.4440   96
2.4450   96
2.4460   96
2.4470   96
2.4480   96
2.4490   96
2.4500   96
2.4510   97
2.4520   97
2.4530   97
2.4540   97
2.4550   97
2.4560   97
2.4570   97
2.4580   97
2.4590   97
2.4600   97
2.4610   97
2.4620   97
2.4630   97
2.4640   97
2.4650   97
2.4660   97
2.4670   97
2.4680   97
2.4690   97
2.4700   97
2.4710   97
2.4720   97
2.4730   97
2.4740   97
2.4750   97
2.4760   97
2.4770   97
2.4780   97
2.4790   97
2.4800   97
2.4810   97
2.4820   97
2.4830   97
2.4840   97
2.4850   97
2.4860   97
2.4870   97
2.4880   97
2.4890   97
2.4900   97
2.4910   97
2.4920   97
2.4930   97
2.4940   97
2.4950   97
2.4960   97
2.4970   97
2.4980   97
2.4990   97
2.5000   97
2.5010   97
2.5020   97
2.5030   97
2.5040   97
2.5050   97
2.5060   97
2.5070   97
2.5080   97
2.5090   97
2.5100   97
2.5110   97
2.5120   97
2.5130   97
2.5140   97
2.5150   97
2.5160   97
2.5170   97
2.5180   97
2.5190   97
2.5200   97
2.5210   97
2.5220   97
2.5230   97
2.5240   97
2.5250   97
2.5260   97
2.5270   97
2.5280   97
2.5290   97
2.5300   97
2.5310   97
2.5320   97
2.5330   97
2.5340   97
2.5350   97
2.5360   97
2.5370   97
2.5380   97
2.5390   97
2.5400   97
2.5410   97
2.5420   97
2.5430   97
2.5440   97
2.5450   97
2.5460   97
2.5470   97
2.5480   98
2.5490   98
2.5500   98
2.5510   98
2.5520   98
2.5530   98
2.5540   98
2.5550   98
2.5560   98
2.5570   98
2.5580   98
2.5590   98
2.5600   98
2.5610   98
2.5620   98
2.5630   98
2.5640   98
2.5650   98
2.5660   98
2.5670   98
2.5680   98
2.5690   98
2.5700   98
2.5710   98
2.5720   98
2.5730   98
2.5740   98
2.5750   98
2.5760   98
2.5770   98
2.5780   98
2.5790   98
2.5800   98
2.5810   98
2.5820   98
2.5830   98
2.5840   98
2.5850   98
2.5860   98
2.5870   98
2.5880   98
2.5890   98
2.5900   98
2.5910   98
2.5920   98
2.5930   98
2.5940   98
2.5950   98
2.5960   98
2.5970   98
2.5980   98
2.5990   98
2.6000   98
2.6010   98
2.6020   98
2.6030   98
2.6040   98
2.6050   98
2.6060   98
2.6070   98
2.6080   98
2.6090   98
2.6100   98
2.6110   98
2.6120   98
2.6130   98
2.6140   98
2.6150   98
2.6160   98
2.6170   98
2.6180   98
2.6190   98
2.6200   98
2.6210   98
2.6220   98
2.6230   98
2.6240   98
2.6250   98
2.6260   98
2.6270   98
2.6280   98
2.6290   98
2.6300   98
2.6310   98
2.6320   98
2.6330   98
2.6340   98
2.6350   98
2.6360   98
2.6370   98
2.6380   98
2.6390   98
2.6400   98
2.6410   98
2.6420   98
2.6430   98
2.6440   98
2.6450   98
2.6460   98
2.6470   98
2.6480   99
2.6490   99
2.6500   99
2.6510   99
2.6520   99
2.6530   99
2.6540   99
2.6550   99
2.6560   99
2.6570   99
2.6580   99
2.6590   99
2.6600   99
2.6610   99
2.6620   99
2.6630   99
2.6640   99
2.6650   99
2.6660   99
2.6670   99
2.6680   99
2.6690   99
2.6700   99
2.6710   99
2.6720   99
2.6730   99
2.6740   99
2.6750   99
2.6760   99
2.6770   99
2.6780   99
2.6790   99
2.6800   99
2.6810   99
2.6820   99
2.6830   99
2.6840   99
2.6850   99
2.6860   99
2.6870   99
2.6880   99
2.6890   99
2.6900   99
2.6910   99
2.6920   99
2.6930   99
2.6940   99
2.6950   99
2.6960   99
2.6970   99
2.6980   99
2.6990   99
2.7000   99
2.7010   99
2.7020   99
2.7030   99
2.7040   99
2.7050   99
2.7060   99
2.7070   99
2.7080   99
2.7090   99
2.7100   99
2.7110   99
2.7120   99
2.7130   99
2.7140   99
2.7150   99
2.7160   99
2.7170   99
2.7180   99
2.7190   99
2.7200   99
2.7210   99
2.7220   99
2.7230   99
2.7240   99
2.7250   99
2.7260   99
2.7270   99
2.7280   99
2.7290   99
2.7300   99
2.7310   99
2.7320   99
2.7330   99
2.7340   99
2.7350   99
2.7360   99
2.7370   99
2.7380   99
2.7390   99
2.7400   99
2.7410   99
2.7420   99
2.7430   99
2.7440   99
2.7450   99
2.7460   99
2.7470   99
2.7480   99
2.7490   99
2.7500  100
2.7510  100
2.7520  100
2.7530  100
2.7540  100
2.7550  100
2.7560  100
2.7570  100
2.7580  100
2.7590  100
2.7600  100
2.7610  100
2.7620  100
2.7630  100
2.7640  100
2.7650  100
2.7660  100
2.7670  100
2.7680  100
2.7690  100
2.7700  100
2.7710  100
2.7720  100
2.7730  100
2.7740  100
2.7750  100
2.7760  100
2.7770  100
2.7780  100
2.7790  100
2.7800  100
2.7810  100
2.7820  100
2.7830  100
2.7840  100
2.7850  100
2.7860  100
2.7870  100
2.7880  100
2.7890  100
2.7900  100
2.7910  100
2.7920  100
2.7930  100
2.7940  100
2.7950  100
2.7960  100
2.7970  100
2.7980  100
2.7990  100
2.8000  100
2.8010  100
2.8020  100
2.8030  100
2.8040  100
2.8050  100
2.8060  100
2.8070  100
2.8080  100
2.8090  100
2.8100  100
2.8110  100
2.8120  100
2.8130  100
2.8140  100
2.8150  100
2.8160  100
2.8170  100
2.8180  100
2.8190  100
2.8200  100
2.8210  100
2.8220  100
2.8230  100
2.8240  100
2.8250  100
2.8260  100
2.8270  100
2.8280  100
2.8290  100
2.8300  100
2.8310  100
2.8320  100
2.8330  100
2.8340  100
2.8350  100
2.8360  100
2.8370  100
2.8380  100
2.8390  100
2.8400  100
2.8410  100
2.8420  100
2.8430  100
2.8440  100
2.8450  100
2.8460  100
2.8470  100
2.8480  100
2.8490  100
2.8500  100
2.8510  100
2.8520  100
2.8530  101
2.8540  101
2.8550  101
2.8560  101
2.8570  101
2.8580  101
2.8590  101
2.8600  101
2.8610  101
2.8620  101
2.8630  101
2.8640  101
2.8650  101
2.8660  101
2.8670  101
2.8680  101
2.8690  101
2.8700  101
2.8710  101
2.8720  101
2.8730  101
2.8740  101
2.8750  101
2.8760  101
2.8770  101
2.8780  101
2.8790  101
2.8800  101
2.8810  101
2.8820  101
2.8830  101
2.8840  101
2.8850  101
2.8860  101
2.8870  101
2.8880  101
2.8890  101
2.8900  101
2.8910  101
2.8920  101
2.8930  101
2.8940  101
2.8950  101
2.8960  101
2.8970  101
2.8980  101
2.8990  101
2.9000  101
2.9010  101
2.9020  101
2.9030  101
2.9040  101
2.9050  101
2.9060  101
2.9070  101
2.9080  101
2.9090  101
2.9100  101
2.9110  101
2.9120  101
2.9130  101
2.9140  101
2.9150  101
2.9160  101
2.9170  101
2.9180  101
2.9190  101
2.9200  101
2.9210  101
2.9220  101
2.9230  101
2.9240  101
2.9250  101
2.9260  101
2.9270  101
2.9280  101
2.9290  101
2.9300  101
2.9310  101
2.9320  101
2.9330  101
2.9340  101
2.9350  101
2.9360  101
2.9370  101
2.9380  101
2.9390  101
2.9400  101
2.9410  101
2.9420  101
2.9430  101
2.9440  101
2.9450  101
2.9460  101
2.9470  101
2.9480  101
2.9490  101
2.9500  101
2.9510  101
2.9520  101
2.9530  101
2.9540  101
2.9550  101
2.9560  101
2.9570  102
2.9580  102
2.9590  102
2.9600  102
2.9610  102
2.9620  102
2.9630  102
2.9640  102
2.9650  102
2.9660  102
2.9670  102
2.9680  102
2.9690  102
2.9700  102
2.9710  102
2.9720  102
2.9730  102
2.9740  102
2.9750  102
2.9760  102
2.9770  102
2.9780  102
2.9790  102
2.9800  102
2.9810  102
2.9820  102
2.9830  102
2.9840  102
2.9850  102
2.9860  102
2.9870  102
2.9880  102
2.9890  102
2.9900  102
2.9910  102
2.9920  102
2.9930  102
2.9940  102
2.9950  102
2.9960  102
2.9970  102
2.9980  102
2.9990  102
3.0000  102
3.0010  102
3.0020  102
3.0030  102
3.0040  102
3.0050  102
3.0060  102
3.0070  102
3.0080  102
3.0090  102
3.0100  102
3.0110  102
3.0120  102
3.0130  102
3.0140  102
3.0150  102
3.0160  102
3.0170  102
3.0180  102
3.0190  102
3.0200  102
3.0210  102
3.0220  102
3.0230  102
3.0240  102
3.0250  102
3.0260  102
3.0270  102
3.0280  102
3.0290  102
3.0300  102
3.0310  102
3.0320  102
3.0330  102
3.0340  102
3.0350  102
3.0360  102
3.0370  102
3.0380  102
3.0390  102
3.0400  102
3.0410  102
3.0420  102
3.0430  102
3.0440  102
3.0450  102
3.0460  102
3.0470  102
3.0480  102
3.0490  102
3.0500  102
3.0510  102
3.0520  102
3.0530  102
3.0540  102
3.0550  102
3.0560  102
3.0570  102
3.0580  102
3.0590  102
3.0600  102
3.0610  102
3.0620  103
3.0630  103
3.0640  103
3.0650  103
3.0660  103
3.0670  103
3.0680  103
3.0690  103
3.0700  103
3.0710  103
3.0720  103
3.0730  103
3.0740  103
3.0750  103
3.0760  103
3.0770  103
3.0780  103
3.0790  103
3.0800  103
3.0810  103
3.0820  103
3.0830  103
3.0840  103
3.0850  103
3.0860  103
3.0870  103
3.0880  103
3.0890  103
3.0900  103
3.0910  103
3.0920  103
3.0930  103
3.0940  103
3.0950  103
3.0960  103
3.0970  103
3.0980  103
3.0990  103
3.1000  103
3.1010  103
3.1020  103
3.1030  103
3.1040  103
3.1050  103
3.1060  103
3.1070  103
3.1080  103
3.1090  103
3.1100  103
3.1110  103
3.1120  103
3.1130  103
3.1140  103
3.1150  103
3.1160  103
3.1170  103
3.1180  103
3.1190  103
3.1200  103
3.1210  103
3.1220  103
3.1230  103
3.1240  103
3.1250  103
3.1260  103
3.1270  103
3.1280  103
3.1290  103
3.1300  103
3.1310  103
3.1320  103
3.1330  103
3.1340  103
3.1350  103
3.1360  103
3.1370  103
3.1380  103
3.1390  103
3.1400  103
3.1410  103
3.1420  103
3.1430  103
3.1440  103
3.1450  103
3.1460  103
3.1470  103
3.1480  103
3.1490  103
3.1500  103
3.1510  103
3.1520  103
3.1530  103
3.1540  103
3.1550  103
3.1560  103
3.1570  103
3.1580  103
3.1590  103
3.1600  103
3.1610  103
3.1620  103
3.1630  103
3.1640  103
3.1650  104
3.1660  104
3.1670  104
3.1680  104
3.1690  104
3.1700  104
3.1710  104
3.1720  104
3.1730  104
3.1740  104
3.1750  104
3.1760  104
3.1770  104
3.1780  104
3.1790  104
3.1800  104
3.1810  104
3.1820  104
3.1830  104
3.1840  104
3.1850  104
3.1860  104
3.1870  104
3.1880  104
3.1890  104
3.1900  104
3.1910  104
3.1920  104
3.1930  104
3.1940  104
3.1950  104
3.1960  104
3.1970  104
3.1980  104
3.1990  104
3.2000  104
3.2010  104
3.2020  104
3.2030  104
3.2040  104
3.2050  104
3.2060  104
3.2070  104
3.2080  104
3.2090  104
3.2100  104
3.2110  104
3.2120  104
3.2130  104
3.2140  104
3.2150  104
3.2160  104
3.2170  104
3.2180  104
3.2190  104
3.2200  104
3.2210  104
3.2220  104
3.2230  104
3.2240  104
3.2250  104
3.2260  104
3.2270  104
3.2280  104
3.2290  104
3.2300  104
3.2310  104
3.2320  104
3.2330  104
3.2340  104
3.2350  104
3.2360  104
3.2370  104
3.2380  104
3.2390  104
3.2400  104
3.2410  104
3.2420  104
3.2430  104
3.2440  104
3.2450  104
3.2460  104
3.2470  104
3.2480  104
3.2490  104
3.2500  104
3.2510  104
3.2520  104
3.2530  104
3.2540  104
3.2550  104
3.2560  104
3.2570  104
3.2580  104
3.2590  104
3.2600  104
3.2610  104
3.2620  104
3.2630  104
3.2640  104
3.2650  104
3.2660  104
3.2670  104
3.2680  105
3.2690  105
3.2700  105
3.2710  105
3.2720  105
3.2730  105
3.2740  105
3.2750  105
3.2760  105
3.2770  105
3.2780  105
3.2790  105
3.2800  105
3.2810  105
3.2820  105
3.2830  105
3.2840  105
3.2850  105
3.2860  105
3.2870  105
3.2880  105
3.2890  105
3.2900  105
3.2910  105
3.2920  105
3.2930  105
3.2940  105
3.2950  105
3.2960  105
3.2970  105
3.2980  105
3.2990  105
3.3000  105
3.3010  105
3.3020  105
3.3030  105
3.3040  105
3.3050  105
3.3060  105
3.3070  105
3.3080  105
3.3090  105
3.3100  105
3.3110  105
3.3120  105
3.3130  105
3.3140  105
3.3150  105
3.3160  105
3.3170  105
3.3180  105
3.3190  105
3.3200  105
3.3210  105
3.3220  105
3.3230  105
3.3240  105
3.3250  105
3.3260  105
3.3270  105
3.3280  105
3.3290  105
3.3300  105
3.3310  105
3.3320  105
3.3330  105
3.3340  105
3.3350  105
3.3360  105
3.3370  105
3.3380  105
3.3390  105
3.3400  105
3.3410  105
3.3420  105
3.3430  105
3.3440  105
3.3450  105
3.3460  105
3.3470  105
3.3480  105
3.3490  105
3.3500  105
3.3510  105
3.3520  105
3.3530  105
3.3540  105
3.3550  105
3.3560  105
3.3570  105
3.3580  105
3.3590  105
3.3600  105
3.3610  105
3.3620  105
3.3630  105
3.3640  105
3.3650  105
3.3660  105
3.3670  105
3.3680  106
3.3690  106
3.3700  106
3.3710  106
3.3720  106
3.3730  106
3.3740  106
3.3750  106
3.3760  106
3.3770  106
3.3780  106
3.3790  106
3.3800  106
3.3810  106
3.3820  106
3.3830  106
3.3840  106
3.3850  106
3.3860  106
3.3870  106
3.3880  106
3.3890  106
3.3900  106
3.3910  106
3.3920  106
3.3930  106
3.3940  106
3.3950  106
3.3960  106
3.3970  106
3.3980  106
3.3990  106
3.4000  106
3.4010  106
3.4020  106
3.4030  106
3.4040  106
3.4050  106
3.4060  106
3.4070  106
3.4080  106
3.4090  106
3.4100  106
3.4110  106
3.4120  106
3.4130  106
3.4140  106
3.4150  106
3.4160  106
3.4170  106
3.4180  106
3.4190  106
3.4200  106
3.4210  106
3.4220  106
3.4230  106
3.4240  106
3.4250  106
3.4260  106
3.4270  106
3.4280  106
3.4290  106
3.4300  106
3.4310  106
3.4320  106
3.4330  106
3.4340  106
3.4350  106
3.4360  106
3.4370  106
3.4380  106
3.4390  106
3.4400  106
3.4410  106
3.4420  106
3.4430  106
3.4440  106
3.4450  106
3.4460  106
3.4470  106
3.4480  106
3.4490  106
3.4500  106
3.4510  106
3.4520  106
3.4530  106
3.4540  106
3.4550  106
3.4560  106
3.4570  106
3.4580  106
3.4590  106
3.4600  106
3.4610  106
3.4620  106
3.4630  106
3.4640  106
3.4650  107
3.4660  107
3.4670  107
3.4680  107
3.4690  107
3.4700  107
3.4710  107
3.4720  107
3.4730  107
3.4740  107
3.4750  107
3.4760  107
3.4770  107
3.4780  107
3.4790  107
3.4800  107
3.4810  107
3.4820  107
3.4830  107
3.4840  107
3.4850  107
3.4860  107
3.4870  107
3.4880  107
3.4890  107
3.4900  107
3.4910  107
3.4920  107
3.4930  107
3.4940  107
3.4950  107
3.4960  107
3.4970  107
3.4980  107
3.4990  107
3.5000  107
3.5010  107
3.5020  107
3.5030  107
3.5040  107
3.5050  107
3.5060  107
3.5070  107
3.5080  107
3.5090  107
3.5100  107
3.5110  107
3.5120  107
3.5130  107
3.5140  107
3.5150  107
3.5160  107
3.5170  107
3.5180  107
3.5190  107
3.5200  107
3.5210  107
3.5220  107
3.5230  107
3.5240  107
3.5250  107
3.5260  107
3.5270  107
3.5280  107
3.5290  107
3.5300  107
3.5310  107
3.5320  107
3.5330  107
3.5340  107
3.5350  107
3.5360  107
3.5370  107
3.5380  107
3.5390  107
3.5400  107
3.5410  107
3.5420  107
3.5430  107
3.5440  107
3.5450  107
3.5460  107
3.5470  107
3.5480  107
3.5490  107
3.5500  107
3.5510  107
3.5520  107
3.5530  107
3.5540  107
3.5550  107
3.5560  107
3.5570  107
3.5580  107
3.5590  108
3.5600  108
3.5610  108
3.5620  108
3.5630  108
3.5640  108
3.5650  108
3.5660  108
3.5670  108
3.5680  108
3.5690  108
3.5700  108
3.5710  108
3.5720  108
3.5730  108
3.5740  108
3.5750  108
3.5760  108
3.5770  108
3.5780  108
3.5790  108
3.5800  108
3.5810  108
3.5820  108
3.5830  108
3.5840  108
3.5850  108
3.5860  108
3.5870  108
3.5880  108
3.5890  108
3.5900  108
3.5910  108
3.5920  108
3.5930  108
3.5940  108
3.5950  108
3.5960  108
3.5970  108
3.5980  108
3.5990  108
3.6000  108
3.6010  108
3.6020  108
3.6030  108
3.6040  108
3.6050  108
3.6060  108
3.6070  108
3.6080  108
3.6090  108
3.6100  108
3.6110  108
3.6120  108
3.6130  108
3.6140  108
3.6150  108
3.6160  108
3.6170  108
3.6180  108
3.6190  108
3.6200  108
3.6210  108
3.6220  108
3.6230  108
3.6240  108
3.6250  108
3.6260  108
3.6270  108
3.6280  108
3.6290  108
3.6300  108
3.6310  108
3.6320  108
3.6330  108
3.6340  108
3.6350  108
3.6360  108
3.6370  108
3.6380  108
3.6390  108
3.6400  108
3.6410  108
3.6420  108
3.6430  108
3.6440  108
3.6450  108
3.6460  108
3.6470  108
3.6480  109
3.6490  109
3.6500  109
3.6510  109
3.6520  109
3.6530  109
3.6540  109
3.6550  109
3.6560  109
3.6570  109
3.6580  109
3.6590  109
3.6600  109
3.6610  109
3.6620  109
3.6630  109
3.6640  109
3.6650  109
3.6660  109
3.6670  109
3.6680  109
3.6690  109
3.6700  109
3.6710  109
3.6720  109
3.6730  109
3.6740  109
3.6750  109
3.6760  109
3.6770  109
3.6780  109
3.6790  109
3.6800  109
3.6810  109
3.6820  109
3.6830  109
3.6840  109
3.6850  109
3.6860  109
3.6870  109
3.6880  109
3.6890  109
3.6900  109
3.6910  109
3.6920  109
3.6930  109
3.6940  109
3.6950  109
3.6960  109
3.6970  109
3.6980  109
3.6990  109
3.7000  109
3.7010  109
3.7020  109
3.7030  109
3.7040  109
3.7050  109
3.7060  109
3.7070  109
3.7080  109
3.7090  109
3.7100  109
3.7110  109
3.7120  109
3.7130  109
3.7140  109
3.7150  109
3.7160  109
3.7170  109
3.7180  109
3.7190  109
3.7200  109
3.7210  109
3.7220  109
3.7230  109
3.7240  109
3.7250  109
3.7260  109
3.7270  109
3.7280  109
3.7290  109
3.7300  109
3.7310  109
3.7320  109
3.7330  110
3.7340  110
3.7350  110
3.7360  110
3.7370  110
3.7380  110
3.7390  110
3.7400  110
3.7410  110
3.7420  110
3.7430  110
3.7440  110
3.7450  110
3.7460  110
3.7470  110
3.7480  110
3.7490  110
3.7500  110
3.7510  110
3.7520  110
3.7530  110
3.7540  110
3.7550  110
3.7560  110
3.7570  110
3.7580  110
3.7590  110
3.7600  110
3.7610  110
3.7620  110
3.7630  110
3.7640  110
3.7650  110
3.7660  110
3.7670  110
3.7680  110
3.7690  110
3.7700  110
3.7710  110
3.7720  110
3.7730  110
3.7740  110
3.7750  110
3.7760  110
3.7770  110
3.7780  110
3.7790  110
3.7800  110
3.7810  110
3.7820  110
3.7830  110
3.7840  110
3.7850  110
3.7860  110
3.7870  110
3.7880  110
3.7890  110
3.7900  110
3.7910  110
3.7920  110
3.7930  110
3.7940  110
3.7950  110
3.7960  110
3.7970  110
3.7980  110
3.7990  110
3.8000  110
3.8010  110
3.8020  110
3.8030  110
3.8040  110
3.8050  110
3.8060  110
3.8070  110
3.8080  110
3.8090  110
3.8100  110
3.8110  110
3.8120  110
3.8130  111
3.8140  111
3.8150  111
3.8160  111
3.8170  111
3.8180  111
3.8190  111
3.8200  111
3.8210  111
3.8220  111
3.8230  111
3.8240  111
3.8250  111
3.8260  111
3.8270  111
3.8280  111
3.8290  111
3.8300  111
3.8310  111
3.8320  111
3.8330  111
3.8340  111
3.8350  111
3.8360  111
3.8370  111
3.8380  111
3.8390  111
3.8400  111
3.8410  111
3.8420  111
3.8430  111
3.8440  111
3.8450  111
3.8460  111
3.8470  111
3.8480  111
3.8490  111
3.8500  111
3.8510  111
3.8520  111
3.8530  111
3.8540  111
3.8550  111
3.8560  111
3.8570  111
3.8580  111
3.8590  111
3.8600  111
3.8610  111
3.8620  111
3.8630  111
3.8640  111
3.8650  111
3.8660  111
3.8670  111
3.8680  111
3.8690  111
3.8700  111
3.8710  111
3.8720  111
3.8730  111
3.8740  111
3.8750  111
3.8760  111
3.8770  111
3.8780  111
3.8790  111
3.8800  111
3.8810  111
3.8820  111
3.8830  111
3.8840  111
3.8850  111
3.8860  111
3.8870  112
3.8880  112
3.8890  112
3.8900  112
3.8910  112
3.8920  112
3.8930  112
3.8940  112
3.8950  112
3.8960  112
3.8970  112
3.8980  112
3.8990  112
3.9000  112
3.9010  112
3.9020  112
3.9030  112
3.9040  112
3.9050  112
3.9060  112
3.9070  112
3.9080  112
3.9090  112
3.9100  112
3.9110  112
3.9120  112
3.9130  112
3.9140  112
3.9150  112
3.9160  112
3.9170  112
3.9180  112
3.9190  112
3.9200  112
3.9210  112
3.9220  112
3.9230  112
3.9240  112
3.9250  112
3.9260  112
3.9270  112
3.9280  112
3.9290  112
3.9300  112
3.9310  112
3.9320  112
3.9330  112
3.9340  112
3.9350  112
3.9360  112
3.9370  112
3.9380  112
3.9390  112
3.9400  112
3.9410  112
3.9420  112
3.9430  112
3.9440  112
3.9450  112
3.9460  112
3.9470  112
3.9480  112
3.9490  112
3.9500  112
3.9510  112
3.9520  112
3.9530  112
3.9540  112
3.9550  112
3.9560  112
3.9570  113
3.9580  113
3.9590  113
3.9600  113
3.9610  113
3.9620  113
3.9630  113
3.9640  113
3.9650  113
3.9660  113
3.9670  113
3.9680  113
3.9690  113
3.9700  113
3.9710  113
3.9720  113
3.9730  113
3.9740  113
3.9750  113
3.9760  113
3.9770  113
3.9780  113
3.9790  113
3.9800  113
3.9810  113
3.9820  113
3.9830  113
3.9840  113
3.9850  113
3.9860  113
3.9870  113
3.9880  113
3.9890  113
3.9900  113
3.9910  113
3.9920  113
3.9930  113
3.9940  113
3.9950  113
3.9960  113
3.9970  113
3.9980  113
3.9990  113
4.0000  113
4.0010  113
4.0020  113
4.0030  113
4.0040  113
4.0050  113
4.0060  113
4.0070  113
4.0080  113
4.0090  113
4.0100  113
4.0110  113
4.0120  113
4.0130  113
4.0140  113
4.0150  113
4.0160  113
4.0170  113
4.0180  113
4.0190  113
4.0200  113
4.0210  113
4.0220  114
4.0230  114
4.0240  114
4.0250  114
4.0260  114
4.0270  114
4.0280  114
4.0290  114
4.0300  114
4.0310  114
4.0320  114
4.0330  114
4.0340  114
4.0350  114
4.0360  114
4.0370  114
4.0380  114
4.0390  114
4.0400  114
4.0410  114
4.0420  114
4.0430  114
4.0440  114
4.0450  114
4.0460  114
4.0470  114
4.0480  114
4.0490  114
4.0500  114
4.0510  114
4.0520  114
4.0530  114
4.0540  114
4.0550  114
4.0560  114
4.0570  114
4.0580  114
4.0590  114
4.0600  114
4.0610  114
4.0620  114
4.0630  114
4.0640  114
4.0650  114
4.0660  114
4.0670  114
4.0680  114
4.0690  114
4.0700  114
4.0710  114
4.0720  114
4.0730  114
4.0740  114
4.0750  114
4.0760  114
4.0770  114
4.0780  114
4.0790  114
4.0800  114
4.0810  114
4.0820  114
4.0830  115
4.0840  115
4.0850  115
4.0860  115
4.0870  115
4.0880  115
4.0890  115
4.0900  115
4.0910  115
4.0920  115
4.0930  115
4.0940  115
4.0950  115
4.0960  115
4.0970  115
4.0980  115
4.0990  115
4.1000  115
4.1010  115
4.1020  115
4.1030  115
4.1040  115
4.1050  115
4.1060  115
4.1070  115
4.1080  115
4.1090  115
4.1100  115
4.1110  115
4.1120  115
4.1130  115
4.1140  115
4.1150  115
4.1160  115
4.1170  115
4.1180  115
4.1190  115
4.1200  115
4.1210  115
4.1220  115
4.1230  115
4.1240  115
4.1250  115
4.1260  115
4.1270  115
4.1280  115
4.1290  115
4.1300  115
4.1310  115
4.1320  115
4.1330  115
4.1340  115
4.1350  115
4.1360  115
4.1370  115
4.1380  115
4.1390  116
4.1400  116
4.1410  116
4.1420  116
4.1430  116
4.1440  116
4.1450  116
4.1460  116
4.1470  116
4.1480  116
4.1490  116
4.1500  116
4.1510  116
4.1520  116
4.1530  116
4.1540  116
4.1550  116
4.1560  116
4.1570  116
4.1580  116
4.1590  116
4.1600  116
4.1610  116
4.1620  116
4.1630  116
4.1640  116
4.1650  116
4.1660  116
4.1670  116
4.1680  116
4.1690  116
4.1700  116
4.1710  116
4.1720  116
4.1730  116
4.1740  116
4.1750  116
4.1760  116
4.1770  116
4.1780  116
4.1790  116
4.1800  116
4.1810  116
4.1820  116
4.1830  116
4.1840  116
4.1850  116
4.1860  116
4.1870  116
4.1880  116
4.1890  116
4.1900  116
4.1910  117
4.1920  117
4.1930  117
4.1940  117
4.1950  117
4.1960  117
4.1970  117
4.1980  117
4.1990  117
4.2000  117
4.2010  117
4.2020  117
4.2030  117
4.2040  117
4.2050  117
4.2060  117
4.2070  117
4.2080  117
4.2090  117
4.2100  117
4.2110  117
4.2120  117
4.2130  117
4.2140  117
4.2150  117
4.2160  117
4.2170  117
4.2180  117
4.2190  117
4.2200  117
4.2210  117
4.2220  117
4.2230  117
4.2240  117
4.2250  117
4.2260  117
4.2270  117
4.2280  117
4.2290  117
4.2300  117
4.2310  117
4.2320  117
4.2330  117
4.2340  117
4.2350  117
4.2360  117
4.2370  117
4.2380  117
4.2390  117
4.2400  118
4.2410  118
4.2420  118
4.2430  118
4.2440  118
4.2450  118
4.2460  118
4.2470  118
4.2480  118
4.2490  118
4.2500  118
4.2510  118
4.2520  118
4.2530  118
4.2540  118
4.2550  118
4.2560  118
4.2570  118
4.2580  118
4.2590  118
4.2600  118
4.2610  118
4.2620  118
4.2630  118
4.2640  118
4.2650  118
4.2660  118
4.2670  118
4.2680  118
4.2690  118
4.2700  118
4.2710  118
4.2720  118
4.2730  118
4.2740  118
4.2750  118
4.2760  118
4.2770  118
4.2780  118
4.2790  118
4.2800  118
4.2810  118
4.2820  118
4.2830  118
4.2840  118
4.2850  118
4.2860  119
4.2870  119
4.2880  119
4.2890  119
4.2900  119
4.2910  119
4.2920  119
4.2930  119
4.2940  119
4.2950  119
4.2960  119
4.2970  119
4.2980  119
4.2990  119
4.3000  119
4.3010  119
4.3020  119
4.3030  119
4.3040  119
4.3050  119
4.3060  119
4.3070  119
4.3080  119
4.3090  119
4.3100  119
4.3110  119
4.3120  119
4.3130  119
4.3140  119
4.3150  119
4.3160  119
4.3170  119
4.3180  119
4.3190  119
4.3200  119
4.3210  119
4.3220  119
4.3230  119
4.3240  119
4.3250  119
4.3260  119
4.3270  119
4.3280  120
4.3290  120
4.3300  120
4.3310  120
4.3320  120
4.3330  120
4.3340  120
4.3350  120
4.3360  120
4.3370  120
4.3380  120
4.3390  120
4.3400  120
4.3410  120
4.3420  120
4.3430  120
4.3440  120
4.3450  120
4.3460  120
4.3470  120
4.3480  120
4.3490  120
4.3500  120
4.3510  120
4.3520  120
4.3530  120
4.3540  120
4.3550  120
4.3560  120
4.3570  120
4.3580  120
4.3590  120
4.3600  120
4.3610  120
4.3620  120
4.3630  120
4.3640  120
4.3650  120
4.3660  120
4.3670  120
4.3680  121
4.3690  121
4.3700  121
4.3710  121
4.3720  121
4.3730  121
4.3740  121
4.3750  121
4.3760  121
4.3770  121
4.3780  121
4.3790  121
4.3800  121
4.3810  121
4.3820  121
4.3830  121
4.3840  121
4.3850  121
4.3860  121
4.3870  121
4.3880  121
4.3890  121
4.3900  121
4.3910  121
4.3920  121
4.3930  121
4.3940  121
4.3950  121
4.3960  121
4.3970  121
4.3980  121
4.3990  121
4.4000  121
4.4010  121
4.4020  121
4.4030  121
4.4040  121
4.4050  121
4.4060  122
4.4070  122
4.4080  122
4.4090  122
4.4100  122
4.4110  122
4.4120  122
4.4130  122
4.4140  122
4.4150  122
4.4160  122
4.4170  122
4.4180  122
4.4190  122
4.4200  122
4.4210  122
4.4220  122
4.4230  122
4.4240  122
4.4250  122
4.4260  122
4.4270  122
4.4280  122
4.4290  122
4.4300  122
4.4310  122
4.4320  122
4.4330  122
4.4340  122
4.4350  122
4.4360  122
4.4370  122
4.4380  122
4.4390  122
4.4400  122
4.4410  123
4.4420  123
4.4430  123
4.4440  123
4.4450  123
4.4460  123
4.4470  123
4.4480  123
4.4490  123
4.4500  123
4.4510  123
4.4520  123
4.4530  123
4.4540  123
4.4550  123
4.4560  123
4.4570  123
4.4580  123
4.4590  123
4.4600  123
4.4610  123
4.4620  123
4.4630  123
4.4640  123
4.4650  123
4.4660  123
4.4670  123
4.4680  123
4.4690  123
4.4700  123
4.4710  123
4.4720  123
4.4730  123
4.4740  123
4.4750  124
4.4760  124
4.4770  124
4.4780  124
4.4790  124
4.4800  124
4.4810  124
4.4820  124
4.4830  124
4.4840  124
4.4850  124
4.4860  124
4.4870  124
4.4880  124
4.4890  124
4.4900  124
4.4910  124
4.4920  124
4.4930  124
4.4940  124
4.4950  124
4.4960  124
4.4970  124
4.4980  124
4.4990  124
4.5000  124
4.5010  124
4.5020  124
4.5030  124
4.5040  124
4.5050  124
4.5060  125
4.5070  125
4.5080  125
4.5090  125
4.5100  125
4.5110  125
4.5120  125
4.5130  125
4.5140  125
4.5150  125
4.5160  125
4.5170  125
4.5180  125
4.5190  125
4.5200  125
4.5210  125
4.5220  125
4.5230  125
4.5240  125
4.5250  125
4.5260  125
4.5270  125
4.5280  125
4.5290  125
4.5300  125
4.5310  125
4.5320  125
4.5330  125
4.5340  125
4.5350  126
4.5360  126
4.5370  126
4.5380  126
4.5390  126
4.5400  126
4.5410  126
4.5420  126
4.5430  126
4.5440  126
4.5450  126
4.5460  126
4.5470  126
4.5480  126
4.5490  126
4.5500  126
4.5510  126
4.5520  126
4.5530  126
4.5540  126
4.5550  126
4.5560  126
4.5570  126
4.5580  126
4.5590  126
4.5600  126
4.5610  126
4.5620  127
4.5630  127
4.5640  127
4.5650  127
4.5660  127
4.5670  127
4.5680  127
4.5690  127
4.5700  127
4.5710  127
4.5720  127
4.5730  127
4.5740  127
4.5750  127
4.5760  127
4.5770  127
4.5780  127
4.5790  127
4.5800  127
4.5810  127
4.5820  127
4.5830  127
4.5840  127
4.5850  127
4.5860  127
4.5870  127
4.5880  128
4.5890  128
4.5900  128
4.5910  128
4.5920  128
4.5930  128
4.5940  128
4.5950  128
4.5960  128
4.5970  128
4.5980  128
4.5990  128
4.6000  128
4.6010  128
4.6020  128
4.6030  128
4.6040  128
4.6050  128
4.6060  128
4.6070  128
4.6080  128
4.6090  128
4.6100  128
4.6110  128
4.6120  129
4.6130  129
4.6140  129
4.6150  129
4.6160  129
4.6170  129
4.6180  129
4.6190  129
4.6200  129
4.6210  129
4.6220  129
4.6230  129
4.6240  129
4.6250  129
4.6260  129
4.6270  129
4.6280  129
4.6290  129
4.6300  129
4.6310  129
4.6320  129
4.6330  129
4.6340  130
4.6350  130
4.6360  130
4.6370  130
4.6380  130
4.6390  130
4.6400  130
4.6410  130
4.6420  130
4.6430  130
4.6440  130
4.6450  130
4.6460  130
4.6470  130
4.6480  130
4.6490  130
4.6500  130
4.6510  130
4.6520  130
4.6530  130
4.6540  130
4.6550  131
4.6560  131
4.6570  131
4.6580  131
4.6590  131
4.6600  131
4.6610  131
4.6620  131
4.6630  131
4.6640  131
4.6650  131
4.6660  131
4.6670  131
4.6680  131
4.6690  131
4.6700  131
4.6710  131
4.6720  131
4.6730  131
4.6740  132
4.6750  132
4.6760  132
4.6770  132
4.6780  132
4.6790  132
4.6800  132
4.6810  132
4.6820  132
4.6830  132
4.6840  132
4.6850  132
4.6860  132
4.6870  132
4.6880  132
4.6890  132
4.6900  132
4.6910  132
4.6920  133
4.6930  133
4.6940  133
4.6950  133
4.6960  133
4.6970  133
4.6980  133
4.6990  133
4.7000  133
4.7010  133
4.7020  133
4.7030  133
4.7040  133
4.7050  133
4.7060  133
4.7070  133
4.7080  133
4.7090  134
4.7100  134
4.7110  134
4.7120  134
4.7130  134
4.7140  134
4.7150  134
4.7160  134
4.7170  134
4.7180  134
4.7190  134
4.7200  134
4.7210  134
4.7220  134
4.7230  134
4.7240  134
4.7250  135
4.7260  135
4.7270  135
4.7280  135
4.7290  135
4.7300  135
4.7310  135
4.7320  135
4.7330  135
4.7340  135
4.7350  135
4.7360  135
4.7370  135
4.7380  135
4.7390  135
4.7400  135
4.7410  136
4.7420  136
4.7430  136
4.7440  136
4.7450  136
4.7460  136
4.7470  136
4.7480  136
4.7490  136
4.7500  136
4.7510  136
4.7520  136
4.7530  136
4.7540  136
4.7550  137
4.7560  137
4.7570  137
4.7580  137
4.7590  137
4.7600  137
4.7610  137
4.7620  137
4.7630  137
4.7640  137
4.7650  137
4.7660  137
4.7670  137
4.7680  137
4.7690  138
4.7700  138
4.7710  138
4.7720  138
4.7730  138
4.7740  138
4.7750  138
4.7760  138
4.7770  138
4.7780  138
4.7790  138
4.7800  138
4.7810  138
4.7820  138
4.7830  139
4.7840  139
4.7850  139
4.7860  139
4.7870  139
4.7880  139
4.7890  139
4.7900  139
4.7910  139
4.7920  139
4.7930  139
4.7940  139
4.7950  139
4.7960  140
4.7970  140
4.7980  140
4.7990  140
4.8000  140
4.8010  140
4.8020  140
4.8030  140
4.8040  140
4.8050  140
4.8060  140
4.8070  140
4.8080  140
4.8090  141
4.8100  141
4.8110  141
4.8120  141
4.8130  141
4.8140  141
4.8150  141
4.8160  141
4.8170  141
4.8180  141
4.8190  141
4.8200  141
4.8210  141
4.8220  142
4.8230  142
4.8240  142
4.8250  142
4.8260  142
4.8270  142
4.8280  142
4.8290  142
4.8300  142
4.8310  142
4.8320  142
4.8330  142
4.8340  143
4.8350  143
4.8360  143
4.8370  143
4.8380  143
4.8390  143
4.8400  143
4.8410  143
4.8420  143
4.8430  143
4.8440  143
4.8450  144
4.8460  144
4.8470  144
4.8480  144
4.8490  144
4.8500  144
4.8510  144
4.8520  144
4.8530  144
4.8540  144
4.8550  144
4.8560  145
4.8570  145
4.8580  145
4.8590  145
4.8600  145
4.8610  145
4.8620  145
4.8630  145
4.8640  145
4.8650  145
4.8660  145
4.8670  146
4.8680  146
4.8690  146
4.8700  146
4.8710  146
4.8720  146
4.8730  146
4.8740  146
4.8750  146
4.8760  147
4.8770  147
4.8780  147
4.8790  147
4.8800  147
4.8810  147
4.8820  147
4.8830  147
4.8840  147
4.8850  147
4.8860  148
4.8870  148
4.8880  148
4.8890  148
4.8900  148
4.8910  148
4.8920  148
4.8930  148
4.8940  149
4.8950  149
4.8960  149
4.8970  149
4.8980  149
4.8990  149
4.9000  149
4.9010  149
4.9020  150
4.9030  150
4.9040  150
4.9050  150
4.9060  150
4.9070  150
4.9080  150
4.9090  150
4.9100  151
4.9110  151
4.9120  151
4.9130  151
4.9140  151
4.9150  151
4.9160  152
4.9170  152
4.9180  152
4.9190  152
4.9200  152
4.9210  152
4.9220  153
4.9230  153
4.9240  153
4.9250  153
4.9260  153
4.9270  154
4.9280  154
4.9290  154
4.9300  154
4.9310  155
4.9320  155
4.9330  155
4.9340  155
4.9350  156
4.9360  156
4.9370  156
4.9380  157
4.9390  157
4.9400  157
4.9410  157
4.9420  158
4.9430  158
4.9440  158
4.9450  159
4.9460  159
4.9470  159
4.9480  160
4.9490  160
4.9500  160
4.9510  160
4.9520  161
4.9530  161
4.9540  161
4.9550  161
4.9560  162
4.9570  162
4.9580  162
4.9590  163
4.9600  163
4.9610  163
4.9620  163
4.9630  164
4.9640  164
4.9650  164
4.9660  164
4.9670  165
4.9680  165
4.9690  165
4.9700  165
4.9710  166
4.9720  166
4.9730  166
4.9740  167
4.9750  167
4.9760  167
4.9770  167
4.9780  168
4.9790  168
4.9800  168
4.9810  169
4.9820  169
4.9830  170
4.9840  170
4.9850  171
4.9860  171
4.9870  172
4.9880  172
4.9890  173
4.9900  174
4.9910  175
4.9920  177
4.9930  178
4.9940  179
4.9950  180
4.9960  180
4.9970  181
4.9980  181
4.9990  182
5.0000  182
5.0010  183
5.0020  183
5.0030  183
5.0040  184
5.0050  184
5.0060  184
5.0070  184
5.0080  185
5.0090  185
5.0100  185
5.0110  186
5.0120  186
5.0130  186
5.0140  186
5.0150  187
5.0160  187
5.0170  187
5.0180  187
5.0190  188
5.0200  188
5.0210  188
5.0220  188
5.0230  189
5.0240  189
5.0250  189
5.0260  190
5.0270  190
5.0280  191
5.0290  191
5.0300  192
5.0310  192
5.0320  193
5.0330  194
5.0340  196
5.0350  198
5.0360  199
5.0370  200
5.0380  200
5.0390  201
5.0400  202
5.0410  202
5.0420  203
5.0430  203
5.0440  204
5.0450  204
5.0460  205
5.0470  205
5.0480  206
5.0490  206
5.0500  242
5.0510  233
5.0520  234
5.0530  238
5.0540  210
5.0550  210
5.0560  211
5.0570  212
5.0580  212
5.0590  213
5.0600  213
5.0610  214
5.0620  215
5.0630  215
5.0640  216
5.0650  219
5.0660  219
5.0670  219
5.0680  219
5.0690  219
5.0700  219
5.0710  219
5.0720  219
5.0730  219
5.0740  219
5.0750  219
5.0760  219
5.0770  219
5.0780  219
5.0790  219
5.0800  219
5.0810  219
5.0820  219
5.0830  219
5.0840  219
5.0850  219
5.0860  219
5.0870  219
5.0880  219
5.0890  219
5.0900  219
5.0910  219
5.0920  219
5.0930  219
5.0940  219
5.0950  219
5.0960  219
5.0970  219
5.0980  219
5.0990  219
5.1000  219
5.1010  219
5.1020  219
5.1030  219
5.1040  219
5.1050  219
5.1060  219
5.1070  219
5.1080  219
5.1090  219
5.1100  219
5.1110  219
5.1120  219
5.1130  219
5.1140  219
5.1150  219
5.1160  219
5.1170  219
5.1180  219
5.1190  219
5.1200  219
5.1210  219
5.1220  219
5.1230  219
5.1240  219
5.1250  219
5.1260  219
5.1270  219
5.1280  219
5.1290  219
5.1300  219
5.1310  219
5.1320  219
5.1330  219
5.1340  219
5.1350  219
5.1360  219
5.1370  219
5.1380  219
5.1390  219
5.1400  219
5.1410  219
5.1420  219
5.1430  219
5.1440  219
5.1450  219
5.1460  219
5.1470  219
5.1480  219
5.1490  219
5.1500  219
5.1510  219
5.1520  219
5.1530  219
5.1540  219
5.1550  219
5.1560  219
5.1570  219
5.1580  219
5.1590  219
5.1600  219
5.1610  219
5.1620  219
5.1630  219
5.1640  219
5.1650  219
5.1660  219
5.1670  219
5.1680  219
5.1690  219
5.1700  219
5.1710  219
5.1720  219
5.1730  219
5.1740  219
5.1750  219
5.1760  219
5.1770  219
5.1780  219
5.1790  219
5.1800  219
5.1810  219
5.1820  219
5.1830  219
5.1840  219
5.1850  219
5.1860  219
5.1870  219
5.1880  219
5.1890  219
5.1900  219
5.1910  219
5.1920  219
5.1930  219
5.1940  219
5.1950  219
5.1960  219
5.1970  219
5.1980  219
5.1990  219
5.2000  219
5.2010  219
5.2020  219
5.2030  219
5.2040  219
5.2050  219
5.2060  219
5.2070  219
5.2080  219
5.2090  219
5.2100  219
5.2110  219
5.2120  219
5.2130  219
5.2140  219
5.2150  219
5.2160  219
5.2170  219
5.2180  219
5.2190  219
5.2200  219
5.2210  219
5.2220  219
5.2230  219
5.2240  219
5.2250  219
5.2260  219
5.2270  219
5.2280  219
5.2290  219
5.2300  219
5.2310  219
5.2320  219
5.2330  219
5.2340  219
5.2350  219
5.2360  219
5.2370  219
5.2380  219
5.2390  219
5.2400  219
5.2410  219
5.2420  219
5.2430  219
5.2440  219
5.2450  219
5.2460  219
5.2470  219
5.2480  219
5.2490  219
5.2500  219
5.2510  219
5.2520  219
5.2530  219
5.2540  219
5.2550  219
5.2560  219
5.2570  219
5.2580  219
5.2590  219
5.2600  219
5.2610  219
5.2620  219
5.2630  219
5.2640  219
5.2650  219
5.2660  219
5.2670  219
5.2680  219
5.2690  219
5.2700  219
5.2710  219
5.2720  219
5.2730  219
5.2740  219
5.2750  219
5.2760  219
5.2770  219
5.2780  219
5.2790  219
5.2800  219
5.2810  219
5.2820  219
5.2830  219
5.2840  219
5.2850  219
5.2860  219
5.2870  219
5.2880  219
5.2890  219
5.2900  219
5.2910  219
5.2920  219
5.2930  219
5.2940  219
5.2950  219
5.2960  219
5.2970  219
5.2980  219
5.2990  219
5.3000  219
5.3010  219
5.3020  219
5.3030  219
5.3040  219
5.3050  219
5.3060  219
5.3070  219
5.3080  219
5.3090  219
5.3100  219
5.3110  219
5.3120  219
5.3130  219
5.3140  219
5.3150  219
5.3160  219
5.3170  219
5.3180  219
5.3190  219
5.3200  219
5.3210  219
5.3220  219
5.3230  219
5.3240  219
5.3250  219
5.3260  219
5.3270  219
5.3280  219
5.3290  219
5.3300  219
5.3310  219
5.3320  219
5.3330  219
5.3340  219
5.3350  219
5.3360  219
5.3370  219
5.3380  219
5.3390  219
5.3400  219
5.3410  219
5.3420  219
5.3430  219
5.3440  219
5.3450  219
5.3460  219
5.3470  219
5.3480  219
5.3490  219
5.3500  219
5.3510  219
5.3520  219
5.3530  219
5.3540  219
5.3550  219
5.3560  219
5.3570  219
5.3580  219
5.3590  219
5.3600  219
5.3610  219
5.3620  219
5.3630  219
5.3640  219
5.3650  219
5.3660  219
5.3670  219
5.3680  219
5.3690  219
5.3700  219
5.3710  219
5.3720  219
5.3730  219
5.3740  219
5.3750  219
5.3760  219
5.3770  219
5.3780  219
5.3790  219
5.3800  219
5.3810  219
5.3820  219
5.3830  219
5.3840  219
5.3850  219
5.3860  219
5.3870  219
5.3880  219
5.3890  219
5.3900  219
5.3910  219
5.3920  219
5.3930  219
5.3940  219
5.3950  219
5.3960  219
5.3970  219
5.3980  219
5.3990  219
5.4000  219
5.4010  219
5.4020  219
5.4030  219
5.4040  219
5.4050  219
5.4060  219
5.4070  219
5.4080  219
5.4090  219
5.4100  219
5.4110  219
5.4120  219
5.4130  219
5.4140  219
5.4150  219
5.4160  219
5.4170  219
5.4180  219
5.4190  219
5.4200  219
5.4210  219
5.4220  219
5.4230  219
5.4240  219
5.4250  219
5.4260  219
5.4270  219
5.4280  219
5.4290  219
5.4300  219
5.4310  219
5.4320  219
5.4330  219
5.4340  219
5.4350  219
5.4360  219
5.4370  219
5.4380  219
5.4390  219
5.4400  219
5.4410  219
5.4420  219
5.4430  219
5.4440  219
5.4450  219
5.4460  219
5.4470  219
5.4480  219
5.4490  219
5.4500  219
5.4510  219
5.4520  219
5.4530  219
5.4540  219
5.4550  219
5.4560  219
5.4570  219
5.4580  219
5.4590  219
5.4600  219
5.4610  219
5.4620  219
5.4630  219
5.4640  219
5.4650  219
5.4660  219
5.4670  219
5.4680  219
5.4690  219
5.4700  219
5.4710  219
5.4720  219
5.4730  219
5.4740  219
5.4750  219
5.4760  219
5.4770  219
5.4780  219
5.4790  219
5.4800  219
5.4810  219
5.4820  219
5.4830  219
5.4840  219
5.4850  219
5.4860  219
5.4870  219
5.4880  219
5.4890  219
5.4900  219
5.4910  219
5.4920  219
5.4930  219
5.4940  219
5.4950  219
5.4960  219
5.4970  219
5.4980  219
5.4990  219
5.5000  219
5.5010  219
5.5020  219
5.5030  219
5.5040  219
5.5050  219
5.5060  219
5.5070  219
5.5080  219
5.5090  219
5.5100  219
5.5110  219
5.5120  219
5.5130  219
5.5140  219
5.5150  219
5.5160  219
5.5170  219
5.5180  219
5.5190  219
5.5200  219
5.5210  219
5.5220  219
5.5230  219
5.5240  219
5.5250  219
5.5260  219
5.5270  219
5.5280  219
5.5290  219
5.5300  219
5.5310  219
5.5320  219
5.5330  219
5.5340  219
5.5350  219
5.5360  219
5.5370  219
5.5380  219
5.5390  219
5.5400  219
5.5410  219
5.5420  219
5.5430  219
5.5440  219
5.5450  219
5.5460  219
5.5470  219
5.5480  219
5.5490  219
5.5500  219
5.5510  219
5.5520  219
5.5530  219
5.5540  219
5.5550  219
5.5560  219
5.5570  219
5.5580  219
5.5590  219
5.5600  219
5.5610  219
5.5620  219
5.5630  219
5.5640  219
5.5650  219
5.5660  219
5.5670  219
5.5680  219
5.5690  219
5.5700  219
5.5710  219
5.5720  219
5.5730  219
5.5740  219
5.5750  219
5.5760  219
5.5770  219
5.5780  219
5.5790  219
5.5800  219
5.5810  219
5.5820  219
5.5830  219
5.5840  219
5.5850  219
5.5860  219
5.5870  219
5.5880  219
5.5890  219
5.5900  219
5.5910  219
5.5920  219
5.5930  219
5.5940  219
5.5950  219
5.5960  219
5.5970  219
5.5980  219
5.5990  219
5.6000  219
5.6010  219
5.6020  219
5.6030  219
5.6040  219
5.6050  219
5.6060  219
5.6070  219
5.6080  219
5.6090  219
5.6100  219
5.6110  219
5.6120  219
5.6130  219
5.6140  219
5.6150  219
5.6160  219
5.6170  219
5.6180  219
5.6190  219
5.6200  219
5.6210  219
5.6220  219
5.6230  219
5.6240  219
5.6250  219
5.6260  219
5.6270  219
5.6280  219
5.6290  219
5.6300  219
5.6310  219
5.6320  219
5.6330  219
5.6340  219
5.6350  219
5.6360  219
5.6370  219
5.6380  219
5.6390  219
5.6400  219
5.6410  219
5.6420  219
5.6430  219
5.6440  219
5.6450  219
5.6460  219
5.6470  219
5.6480  219
5.6490  219
5.6500  219
5.6510  219
5.6520  219
5.6530  219
5.6540  219
5.6550  219
5.6560  219
5.6570  219
5.6580  219
5.6590  219
5.6600  219
5.6610  219
5.6620  219
5.6630  219
5.6640  219
5.6650  219
5.6660  219
5.6670  219
5.6680  219
5.6690  219
5.6700  219
5.6710  219
5.6720  219
5.6730  219
5.6740  219
5.6750  219
5.6760    0
5.6770    0
5.6780    0
5.6790    0
5.6800    0
5.6810    0
5.6820    0
5.6830    0
5.6840    0
5.6850    0
5.6860    0
5.6870    0
5.6880    0
5.6890    0
5.6900    0
5.6910    0
5.6920    0
5.6930    0
5.6940    0
5.6950    0
5.6960    0
5.6970    0
5.6980    0
5.6990    0
5.7000    0
5.7010    0
5.7020    0
5.7030    0
5.7040    0
5.7050    0
5.7060    0
5.7070    0
5.7080    0
5.7090    0
5.7100    0
5.7110    0
5.7120    0
5.7130    0
5.7140    0
5.7150    0
5.7160    0
5.7170    0
5.7180    0
5.7190    0
5.7200    0
5.7210    0
5.7220    0
5.7230    0
5.7240    0
5.7250    0
5.7260    0
5.7270    0
5.7280    0
5.7290    0
5.7300    0
5.7310    0
5.7320    0
5.7330    0
5.7340    0
5.7350    0
5.7360    0
5.7370    0
5.7380    0
5.7390    0
5.7400    0
5.7410    0
5.7420    0
5.7430    0
5.7440    0
5.7450    0
5.7460    0
5.7470    0
5.7480    0
5.7490    0
5.7500    0
5.7510    0
5.7520    0
5.7530    0
5.7540    0
5.7550    0
5.7560    0
5.7570    0
5.7580    0
5.7590    0
5.7600    0
5.7610    0
5.7620    0
5.7630    0
5.7640    0
5.7650    0
5.7660    0
5.7670    0
5.7680    0
5.7690    0
5.7700    0
5.7710    0
5.7720    0
5.7730    0
5.7740    0
5.7750    0
5.7760    0
5.7770    0
5.7780    0
5.7790    0
5.7800    0
5.7810    0
5.7820    0
5.7830    0
5.7840    0
5.7850    0
5.7860    0
5.7870    0
5.7880    0
5.7890    0
5.7900    0
5.7910    0
5.7920    0
5.7930    0
5.7940    0
5.7950    0
5.7960    0
5.7970    0
5.7980    0
5.7990    0
5.8000    0
5.8010    0
5.8020    0
5.8030    0
5.8040    0
5.8050    0
5.8060    0
5.8070    0
5.8080    0
5.8090    0
5.8100    0
5.8110    0
5.8120    0
5.8130    0
5.8140    0
5.8150    0
5.8160    0
5.8170    0
5.8180    0
5.8190    0
5.8200    0
5.8210    0
5.8220    0
5.8230    0
5.8240    0
5.8250    0
5.8260    0
5.8270    0
5.8280    0
5.8290    0
5.8300    0
5.8310    0
5.8320    0
5.8330    0
5.8340    0
5.8350    0
5.8360    0
5.8370    0
5.8380    0
5.8390    0
5.8400    0
5.8410    0
5.8420    0
5.8430    0
5.8440    0
5.8450    0
5.8460    0
5.8470    0
5.8480    0
5.8490    0
5.8500    0
5.8510    0
5.8520    0
5.8530    0
5.8540    0
5.8550    0
5.8560    0
5.8570    0
5.8580    0
5.8590    0
5.8600    0
5.8610    0
5.8620    0
5.8630    0
5.8640    0
5.8650    0
5.8660    0
5.8670    0
5.8680    0
5.8690    0
5.8700    0
5.8710    0
5.8720    0
5.8730    0
5.8740    0
5.8750    0
5.8760    0
5.8770    0
5.8780    0
5.8790    0
5.8800    0
5.8810    0
5.8820    0
5.8830    0
5.8840    0
5.8850    0
5.8860    0
5.8870    0
5.8880    0
5.8890    0
5.8900    0
5.8910    0
5.8920    0
5.8930    0
5.8940    0
5.8950    0
5.8960    0
5.8970    0
5.8980    0
5.8990    0
5.9000    0
5.9010    0
5.9020    0
5.9030    0
5.9040    0
5.9050    0
5.9060    0
5.9070    0
5.9080    0
5.9090    0
5.9100    0
5.9110    0
5.9120    0
5.9130    0
5.9140    0
5.9150    0
5.9160    0
5.9170    0
5.9180    0
5.9190    0
5.9200    0
5.9210    0
5.9220    0
5.9230    0
5.9240    0
5.9250    0
5.9260    0
5.9270    0
5.9280    0
5.9290    0
5.9300    0
5.9310    0
5.9320    0
5.9330    0
5.9340    0
5.9350    0
5.9360    0
5.9370    0
5.9380    0
5.9390    0
5.9400    0
5.9410    0
5.9420    0
5.9430    0
5.9440    0
5.9450    0
5.9460    0
5.9470    0
5.9480    0
5.9490    0
5.9500    0
5.9510    0
5.9520    0
5.9530    0
5.9540    0
5.9550    0
5.9560    0
5.9570    0
5.9580    0
5.9590    0
5.9600    0
5.9610    0
5.9620    0
5.9630    0
5.9640    0
5.9650    0
5.9660    0
5.9670    0
5.9680    0
5.9690    0
5.9700    0
5.9710    0
5.9720    0
5.9730    0
5.9740    0
5.9750    0
5.9760    0
5.9770    0
5.9780    0
5.9790    0
5.9800    0
5.9810    0
5.9820    0
5.9830    0
5.9840    0
5.9850    0
5.9860    0
5.9870    0
5.9880    0
5.9890    0
5.9900    0
5.9910    0
5.9920    0
5.9930    0
5.9940    0
5.9950    0
5.9960    0
5.9970    0
5.9980    0
5.9990    0
6.0000    0
6.0010    0
6.0020    0
6.0030    0
6.0040    0
6.0050    0
6.0060    0
6.0070    0
6.0080    0
6.0090    0
6.0100    0
6.0110    0
6.0120    0
6.0130    0
6.0140    0
6.0150    0
6.0160    0
6.0170    0
6.0180    0
6.0190    0
6.0200    0
6.0210    0
6.0220    0
6.0230    0
6.0240    0
6.0250    0
6.0260    0
6.0270    0
6.0280    0
6.0290    0
6.0300    0
6.0310    0
6.0320    0
6.0330    0
6.0340    0
6.0350    0
6.0360    0
6.0370    0
6.0380    0
6.0390    0
6.0400    0
6.0410    0
6.0420    0
6.0430    0
6.0440    0
6.0450    0
6.0460    0
6.0470    0
6.0480    0
6.0490    0
6.0500    0
6.0510    0
6.0520    0
6.0530    0
6.0540    0
6.0550    0
6.0560    0
6.0570    0
6.0580    0
6.0590    0
6.0600    0
6.0610    0
6.0620    0
6.0630    0
6.0640    0
6.0650    0
6.0660    0
6.0670    0
6.0680    0
6.0690    0
6.0700    0
6.0710    0
6.0720    0
6.0730    0
6.0740    0
6.0750    0
6.0760    0
6.0770    0
6.0780    0
6.0790    0
6.0800    0
6.0810    0
6.0820    0
6.0830    0
6.0840    0
6.0850    0
6.0860    0
6.0870    0
6.0880    0
6.0890    0
6.0900    0
6.0910    0
6.0920    0
6.0930    0
6.0940    0
6.0950    0
6.0960    0
6.0970    0
6.0980    0
6.0990    0
6.1000    0
6.1010    0
6.1020    0
6.1030    0
6.1040    0
6.1050    0
6.1060    0
6.1070    0
6.1080    0
6.1090    0
6.1100    0
6.1110    0
6.1120    0
6.1130    0
6.1140    0
6.1150    0
6.1160    0
6.1170    0
6.1180    0
6.1190    0
6.1200    0
6.1210    0
6.1220    0
6.1230    0
6.1240    0
6.1250    0
6.1260    0
6.1270    0
6.1280    0
6.1290    0
6.1300    0
6.1310    0
6.1320    0
6.1330    0
6.1340    0
6.1350    0
6.1360    0
6.1370    0
6.1380    0
6.1390    0
6.1400    0
6.1410    0
6.1420    0
6.1430    0
6.1440    0
6.1450    0
6.1460    0
6.1470    0
6.1480    0
6.1490    0
6.1500    0
6.1510    0
6.1520    0
6.1530    0
6.1540    0
6.1550    0
6.1560    0
6.1570    0
6.1580    0
6.1590    0
6.1600    0
6.1610    0
6.1620    0
6.1630    0
6.1640    0
6.1650    0
6.1660    0
6.1670    0
6.1680    0
6.1690    0
6.1700    0
6.1710    0
6.1720    0
6.1730    0
6.1740    0
6.1750    0
6.1760    0
6.1770    0
6.1780    0
6.1790    0
6.1800    0
6.1810    0
6.1820    0
6.1830    0
6.1840    0
6.1850    0
6.1860    0
6.1870    0
6.1880    0
6.1890    0
6.1900    0
6.1910    0
6.1920    0
6.1930    0
6.1940    0
6.1950    0
6.1960    0
6.1970    0
6.1980    0
6.1990    0
6.2000    0
6.2010    0
6.2020    0
6.2030    0
6.2040    0
6.2050    0
6.2060    0
6.2070    0
6.2080    0
6.2090    0
6.2100    0
6.2110    0
6.2120    0
6.2130    0
6.2140    0
6.2150    0
6.2160    0
6.2170    0
6.2180    0
6.2190    0
6.2200    0
6.2210    0
6.2220    0
6.2230    0
6.2240    0
6.2250    0
6.2260    0
6.2270    0
6.2280    0
6.2290    0
6.2300    0
6.2310    0
6.2320    0
6.2330    0
6.2340    0
6.2350    0
6.2360    0
6.2370    0
6.2380    0
6.2390    0
6.2400    0
6.2410    0
6.2420    0
6.2430    0
6.2440    0
6.2450    0
6.2460    0
6.2470    0
6.2480    0
6.2490    0
6.2500    0
6.2510    0
6.2520    0
6.2530    0
6.2540    0
6.2550    0
6.2560    0
6.2570    0
6.2580    0
6.2590    0
6.2600    0
6.2610    0
6.2620    0
6.2630    0
6.2640    0
6.2650    0
6.2660    0
6.2670    0
6.2680    0
6.2690    0
6.2700    0
6.2710    0
6.2720    0
6.2730    0
6.2740    0
6.2750    0
6.2760    0
6.2770    0
6.2780    0
6.2790    0
6.2800    0
6.2810    0
6.2820    0
6.2830    0
6.2840    0
