0.0000    1
0.0010    1
0.0020    1
0.0030    1
0.0040    1
0.0050    1
0.0060    2
0.0070    2
0.0080    2
0.0090    2
0.0100    2
0.0110    3
0.0120    3
0.0130    3
0.0140    3
0.0150    3
0.0160    4
0.0170    4
0.0180    4
0.0190    4
0.0200    4
0.0210    4
0.0220    5
0.0230    5
0.0240    5
0.0250    5
0.0260    5
0.0270    6
0.0280    6
0.0290    6
0.0300    6
0.0310    6
0.0320    6
0.0330    7
0.0340    7
0.0350    7
0.0360    7
0.0370    7
0.0380    8
0.0390    8
0.0400    8
0.0410    8
0.0420    8
0.0430    8
0.0440    9
0.0450    9
0.0460    9
0.0470    9
0.0480    9
0.0490    9
0.0500   10
0.0510   10
0.0520   10
0.0530   10
0.0540   10
0.0550   10
0.0560   11
0.0570   11
0.0580   11
0.0590   11
0.0600   11
0.0610   11
0.0620   12
0.0630   12
0.0640   12
0.0650   12
0.0660   12
0.0670   12
0.0680   12
0.0690   13
0.0700   13
0.0710   13
0.0720   13
0.0730   13
0.0740   13
0.0750   13
0.0760   14
0.0770   14
0.0780   14
0.0790   14
0.0800   14
0.0810   14
0.0820   14
0.0830   14
0.0840   15
0.0850   15
0.0860   15
0.0870   15
0.0880   15
0.0890   15
0.0900   15
0.0910   15
0.0920   16
0.0930   16
0.0940   16
0.0950   16
0.0960   16
0.0970   16
0.0980   16
0.0990   16
0.1000   17
0.1010   17
0.1020   17
0.1030   17
0.1040   17
0.1050   17
0.1060   17
0.1070   17
0.1080   17
0.1090   18
0.1100   18
0.1110   18
0.1120   18
0.1130   18
0.1140   18
0.1150   18
0.1160   18
0.1170   18
0.1180   19
0.1190   19
0.1200   19
0.1210   19
0.1220   19
0.1230   19
0.1240   19
0.1250   19
0.1260   19
0.1270   19
0.1280   20
0.1290   20
0.1300   20
0.1310   20
0.1320   20
0.1330   20
0.1340   20
0.1350   20
0.1360   20
0.1370   21
0.1380   21
0.1390   21
0.1400   21
0.1410   21
0.1420   21
0.1430   21
0.1440   21
0.1450   21
0.1460   21
0.1470   22
0.1480   22
0.1490   22
0.1500   22
0.1510   22
0.1520   22
0.1530   22
0.1540   22
0.1550   22
0.1560   22
0.1570   23
0.1580   23
0.1590   23
0.1600   23
0.1610   23
0.1620   23
0.1630   23
0.1640   23
0.1650   23
0.1660   24
0.1670   24
0.1680   24
0.1690   24
0.1700   24
0.1710   24
0.1720   24
0.1730   24
0.1740   24
0.1750   24
0.1760   25
0.1770   25
0.1780   25
0.1790   25
0.1800   25
0.1810   25
0.1820   25
0.1830   25
0.1840   25
0.1850   25
0.1860   26
0.1870   26
0.1880   26
0.1890   26
0.1900   26
0.1910   26
0.1920   26
0.1930   26
0.1940   26
0.1950   26
0.1960   27
0.1970   27
0.1980   27
0.1990   27
0.2000   27
0.2010   27
0.2020   27
0.2030   27
0.2040   27
0.2050   27
0.2060   28
0.2070   28
0.2080   28
0.2090   28
0.2100   28
0.2110   28
0.2120   28
0.2130   28
0.2140   28
0.2150   28
0.2160   29
0.2170   29
0.2180   29
0.2190   29
0.2200   29
0.2210   29
0.2220   29
0.2230   29
0.2240   29
0.2250   29
0.2260   29
0.2270   30
0.2280   30
0.2290   30
0.2300   30
0.2310   30
0.2320   30
0.2330   30
0.2340   30
0.2350   30
0.2360   30
0.2370   31
0.2380   31
0.2390   31
0.2400   31
0.2410   31
0.2420   31
0.2430   31
0.2440   31
0.2450   31
0.2460   31
0.2470   31
0.2480   32
0.2490   32
0.2500   32
0.2510   32
0.2520   32
0.2530   32
0.2540   32
0.2550   32
0.2560   32
0.2570   32
0.2580   32
0.2590   33
0.2600   33
0.2610   33
0.2620   33
0.2630   33
0.2640   33
0.2650   33
0.2660   33
0.2670   33
0.2680   33
0.2690   33
0.2700   34
0.2710   34
0.2720   34
0.2730   34
0.2740   34
0.2750   34
0.2760   34
0.2770   34
0.2780   34
0.2790   34
0.2800   34
0.2810   35
0.2820   35
0.2830   35
0.2840   35
0.2850   35
0.2860   35
0.2870   35
0.2880   35
0.2890   35
0.2900   35
0.2910   35
0.2920   35
0.2930   36
0.2940   36
0.2950   36
0.2960   36
0.2970   36
0.2980   36
0.2990   36
0.3000   36
0.3010   36
0.3020   36
0.3030   36
0.3040   36
0.3050   37
0.3060   37
0.3070   37
0.3080   37
0.3090   37
0.3100   37
0.3110   37
0.3120   37
0.3130   37
0.3140   37
0.3150   37
0.3160   37
0.3170   37
0.3180   38
0.3190   38
0.3200   38
0.3210   38
0.3220   38
0.3230   38
0.3240   38
0.3250   38
0.3260   38
0.3270   38
0.3280   38
0.3290   38
0.3300   38
0.3310   39
0.3320   39
0.3330   39
0.3340   39
0.3350   39
0.3360   39
0.3370   39
0.3380   39
0.3390   39
0.3400   39
0.3410   39
0.3420   39
0.3430   39
0.3440   40
0.3450   40
0.3460   40
0.3470   40
0.3480   40
0.3490   40
0.3500   40
0.3510   40
0.3520   40
0.3530   40
0.3540   40
0.3550   40
0.3560   40
0.3570   40
0.3580   41
0.3590   41
0.3600   41
0.3610   41
0.3620   41
0.3630   41
0.3640   41
0.3650   41
0.3660   41
0.3670   41
0.3680   41
0.3690   41
0.3700   41
0.3710   41
0.3720   42
0.3730   42
0.3740   42
0.3750   42
0.3760   42
0.3770   42
0.3780   42
0.3790   42
0.3800   42
0.3810   42
0.3820   42
0.3830   42
0.3840   42
0.3850   42
0.3860   43
0.3870   43
0.3880   43
0.3890   43
0.3900   43
0.3910   43
0.3920   43
0.3930   43
0.3940   43
0.3950   43
0.3960   43
0.3970   43
0.3980   43
0.3990   43
0.4000   43
0.4010   44
0.4020   44
0.4030   44
0.4040   44
0.4050   44
0.4060   44
0.4070   44
0.4080   44
0.4090   44
0.4100   44
0.4110   44
0.4120   44
0.4130   44
0.4140   44
0.4150   44
0.4160   45
0.4170   45
0.4180   45
0.4190   45
0.4200   45
0.4210   45
0.4220   45
0.4230   45
0.4240   45
0.4250   45
0.4260   45
0.4270   45
0.4280   45
0.4290   45
0.4300   45
0.4310   45
0.4320   46
0.4330   46
0.4340   46
0.4350   46
0.4360   46
0.4370   46
0.4380   46
0.4390   46
0.4400   46
0.4410   46
0.4420   46
0.4430   46
0.4440   46
0.4450   46
0.4460   46
0.4470   47
0.4480   47
0.4490   47
0.4500   47
0.4510   47
0.4520   47
0.4530   47
0.4540   47
0.4550   47
0.4560   47
0.4570   47
0.4580   47
0.4590   47
0.4600   47
0.4610   47
0.4620   47
0.4630   48
0.4640   48
0.4650   48
0.4660   48
0.4670   48
0.4680   48
0.4690   48
0.4700   48
0.4710   48
0.4720   48
0.4730   48
0.4740   48
0.4750   48
0.4760   48
0.4770   48
0.4780   48
0.4790   48
0.4800   49
0.4810   49
0.4820   49
0.4830   49
0.4840   49
0.4850   49
0.4860   49
0.4870   49
0.4880   49
0.4890   49
0.4900   49
0.4910   49
0.4920   49
0.4930   49
0.4940   49
0.4950   49
0.4960   50
0.4970   50
0.4980   50
0.4990   50
0.5000   50
0.5010   50
0.5020   50
0.5030   50
0.5040   50
0.5050   50
0.5060   50
0.5070   50
0.5080   50
0.5090   50
0.5100   50
0.5110   50
0.5120   50
0.5130   51
0.5140   51
0.5150   51
0.5160   51
0.5170   51
0.5180   51
0.5190   51
0.5200   51
0.5210   51
0.5220   51
0.5230   51
0.5240   51
0.5250   51
0.5260   51
0.5270   51
0.5280   51
0.5290   51
0.5300   51
0.5310   52
0.5320   52
0.5330   52
0.5340   52
0.5350   52
0.5360   52
0.5370   52
0.5380   52
0.5390   52
0.5400   52
0.5410   52
0.5420   52
0.5430   52
0.5440   52
0.5450   52
0.5460   52
0.5470   52
0.5480   52
0.5490   53
0.5500   53
0.5510   53
0.5520   53
0.5530   53
0.5540   53
0.5550   53
0.5560   53
0.5570   53
0.5580   53
0.5590   53
0.5600   53
0.5610   53
0.5620   53
0.5630   53
0.5640   53
0.5650   53
0.5660   53
0.5670   54
0.5680   54
0.5690   54
0.5700   54
0.5710   54
0.5720   54
0.5730   54
0.5740   54
0.5750   54
0.5760   54
0.5770   54
0.5780   54
0.5790   54
0.5800   54
0.5810   54
0.5820   54
0.5830   54
0.5840   54
0.5850   54
0.5860   54
0.5870   55
0.5880   55
0.5890   55
0.5900   55
0.5910   55
0.5920   55
0.5930   55
0.5940   55
0.5950   55
0.5960   55
0.5970   55
0.5980   55
0.5990   55
0.6000   55
0.6010   55
0.6020   55
0.6030   55
0.6040   55
0.6050   55
0.6060   56
0.6070   56
0.6080   56
0.6090   56
0.6100   56
0.6110   56
0.6120   56
0.6130   56
0.6140   56
0.6150   56
0.6160   56
0.6170   56
0.6180   56
0.6190   56
0.6200   56
0.6210   56
0.6220   56
0.6230   56
0.6240   56
0.6250   56
0.6260   57
0.6270   57
0.6280   57
0.6290   57
0.6300   57
0.6310   57
0.6320   57
0.6330   57
0.6340   57
0.6350   57
0.6360   57
0.6370   57
0.6380   57
0.6390   57
0.6400   57
0.6410   57
0.6420   57
0.6430   57
0.6440   57
0.6450   57
0.6460   57
0.6470   58
0.6480   58
0.6490   58
0.6500   58
0.6510   58
0.6520   58
0.6530   58
0.6540   58
0.6550   58
0.6560   58
0.6570   58
0.6580   58
0.6590   58
0.6600   58
0.6610   58
0.6620   58
0.6630   58
0.6640   58
0.6650   58
0.6660   58
0.6670   58
0.6680   58
0.6690   59
0.6700   59
0.6710   59
0.6720   59
0.6730   59
0.6740   59
0.6750   59
0.6760   59
0.6770   59
0.6780   59
0.6790   59
0.6800   59
0.6810   59
0.6820   59
0.6830   59
0.6840   59
0.6850   59
0.6860   59
0.6870   59
0.6880   59
0.6890   59
0.6900   59
0.6910   60
0.6920   60
0.6930   60
0.6940   60
0.6950   60
0.6960   60
0.6970   60
0.6980   60
0.6990   60
0.7000   60
0.7010   60
0.7020   60
0.7030   60
0.7040   60
0.7050   60
0.7060   60
0.7070   60
0.7080   60
0.7090   60
0.7100   60
0.7110   60
0.7120   60
0.7130   60
0.7140   60
0.7150   61
0.7160   61
0.7170   61
0.7180   61
0.7190   61
0.7200   61
0.7210   61
0.7220   61
0.7230   61
0.7240   61
0.7250   61
0.7260   61
0.7270   61
0.7280   61
0.7290   61
0.7300   61
0.7310   61
0.7320   61
0.7330   61
0.7340   61
0.7350   61
0.7360   61
0.7370   61
0.7380   61
0.7390   62
0.7400   62
0.7410   62
0.7420   62
0.7430   62
0.7440   62
0.7450   62
0.7460   62
0.7470   62
0.7480   62
0.7490   62
0.7500   62
0.7510   62
0.7520   62
0.7530   62
0.7540   62
0.7550   62
0.7560   62
0.7570   62
0.7580   62
0.7590   62
0.7600   62
0.7610   62
0.7620   62
0.7630   62
0.7640   63
0.7650   63
0.7660   63
0.7670   63
0.7680   63
0.7690   63
0.7700   63
0.7710   63
0.7720   63
0.7730   63
0.7740   63
0.7750   63
0.7760   63
0.7770   63
0.7780   63
0.7790   63
0.7800   63
0.7810   63
0.7820   63
0.7830   63
0.7840   63
0.7850   63
0.7860   63
0.7870   63
0.7880   63
0.7890   64
0.7900   64
0.7910   64
0.7920   64
0.7930   64
0.7940   64
0.7950   64
0.7960   64
0.7970   64
0.7980   64
0.7990   64
0.8000   64
0.8010   64
0.8020   64
0.8030   64
0.8040   64
0.8050   64
0.8060   64
0.8070   64
0.8080   64
0.8090   64
0.8100   64
0.8110   64
0.8120   64
0.8130   64
0.8140   64
0.8150   64
0.8160   65
0.8170   65
0.8180   65
0.8190   65
0.8200   65
0.8210   65
0.8220   65
0.8230   65
0.8240   65
0.8250   65
0.8260   65
0.8270   65
0.8280   65
0.8290   65
0.8300   65
0.8310   65
0.8320   65
0.8330   65
0.8340   65
0.8350   65
0.8360   65
0.8370   65
0.8380   65
0.8390   65
0.8400   65
0.8410   65
0.8420   65
0.8430   65
0.8440   66
0.8450   66
0.8460   66
0.8470   66
0.8480   66
0.8490   66
0.8500   66
0.8510   66
0.8520   66
0.8530   66
0.8540   66
0.8550   66
0.8560   66
0.8570   66
0.8580   66
0.8590   66
0.8600   66
0.8610   66
0.8620   66
0.8630   66
0.8640   66
0.8650   66
0.8660   66
0.8670   66
0.8680   66
0.8690   66
0.8700   66
0.8710   66
0.8720   66
0.8730   67
0.8740   67
0.8750   67
0.8760   67
0.8770   67
0.8780   67
0.8790   67
0.8800   67
0.8810   67
0.8820   67
0.8830   67
0.8840   67
0.8850   67
0.8860   67
0.8870   67
0.8880   67
0.8890   67
0.8900   67
0.8910   67
0.8920   67
0.8930   67
0.8940   67
0.8950   67
0.8960   67
0.8970   67
0.8980   67
0.8990   67
0.9000   67
0.9010   67
0.9020   68
0.9030   68
0.9040   68
0.9050   68
0.9060   68
0.9070   68
0.9080   68
0.9090   68
0.9100   68
0.9110   68
0.9120   68
0.9130   68
0.9140   68
0.9150   68
0.9160   68
0.9170   68
0.9180   68
0.9190   68
0.9200   68
0.9210   68
0.9220   68
0.9230   68
0.9240   68
0.9250   68
0.9260   68
0.9270   68
0.9280   68
0.9290   68
0.9300   68
0.9310   68
0.9320   68
0.9330   68
0.9340   69
0.9350   69
0.9360   69
0.9370   69
0.9380   69
0.9390   69
0.9400   69
0.9410   69
0.9420   69
0.9430   69
0.9440   69
0.9450   69
0.9460   69
0.9470   69
0.9480   69
0.9490   69
0.9500   69
0.9510   69
0.9520   69
0.9530   69
0.9540   69
0.9550   69
0.9560   69
0.9570   69
0.9580   69
0.9590   69
0.9600   69
0.9610   69
0.9620   69
0.9630   69
0.9640   69
0.9650   69
0.9660   70
0.9670   70
0.9680   70
0.9690   70
0.9700   70
0.9710   70
0.9720   70
0.9730   70
0.9740   70
0.9750   70
0.9760   70
0.9770   70
0.9780   70
0.9790   70
0.9800   70
0.9810   70
0.9820   70
0.9830   70
0.9840   70
0.9850   70
0.9860   70
0.9870   70
0.9880   70
0.9890   70
0.9900   70
0.9910   70
0.9920   70
0.9930   70
0.9940   70
0.9950   70
0.9960   70
0.9970   70
0.9980   70
0.9990   70
1.0000   71
1.0010   71
1.0020   71
1.0030   71
1.0040   71
1.0050   71
1.0060   71
1.0070   71
1.0080   71
1.0090   71
1.0100   71
1.0110   71
1.0120   71
1.0130   71
1.0140   71
1.0150   71
1.0160   71
1.0170   71
1.0180   71
1.0190   71
1.0200   71
1.0210   71
1.0220   71
1.0230   71
1.0240   71
1.0250   71
1.0260   71
1.0270   71
1.0280   71
1.0290   71
1.0300   71
1.0310   71
1.0320   71
1.0330   71
1.0340   71
1.0350   72
1.0360   72
1.0370   72
1.0380   72
1.0390   72
1.0400   72
1.0410   72
1.0420   72
1.0430   72
1.0440   72
1.0450   72
1.0460   72
1.0470   72
1.0480   72
1.0490   72
1.0500   72
1.0510   72
1.0520   72
1.0530   72
1.0540   72
1.0550   72
1.0560   72
1.0570   72
1.0580   72
1.0590   72
1.0600   72
1.0610   72
1.0620   72
1.0630   72
1.0640   72
1.0650   72
1.0660   72
1.0670   72
1.0680   72
1.0690   72
1.0700   72
1.0710   72
1.0720   73
1.0730   73
1.0740   73
1.0750   73
1.0760   73
1.0770   73
1.0780   73
1.0790   73
1.0800   73
1.0810   73
1.0820   73
1.0830   73
1.0840   73
1.0850   73
1.0860   73
1.0870   73
1.0880   73
1.0890   73
1.0900   73
1.0910   73
1.0920   73
1.0930   73
1.0940   73
1.0950   73
1.0960   73
1.0970   73
1.0980   73
1.0990   73
1.1000   73
1.1010   73
1.1020   73
1.1030   73
1.1040   73
1.1050   73
1.1060   73
1.1070   73
1.1080   73
1.1090   73
1.1100   74
1.1110   74
1.1120   74
1.1130   74
1.1140   74
1.1150   74
1.1160   74
1.1170   74
1.1180   74
1.1190   74
1.1200   74
1.1210   74
1.1220   74
1.1230   74
1.1240   74
1.1250   74
1.1260   74
1.1270   74
1.1280   74
1.1290   74
1.1300   74
1.1310   74
1.1320   74
1.1330   74
1.1340   74
1.1350   74
1.1360   74
1.1370   74
1.1380   74
1.1390   74
1.1400   74
1.1410   74
1.1420   74
1.1430   74
1.1440   74
1.1450   74
1.1460   74
1.1470   74
1.1480   74
1.1490   74
1.1500   75
1.1510   75
1.1520   75
1.1530   75
1.1540   75
1.1550   75
1.1560   75
1.1570   75
1.1580   75
1.1590   75
1.1600   75
1.1610   75
1.1620   75
1.1630   75
1.1640   75
1.1650   75
1.1660   75
1.1670   75
1.1680   75
1.1690   75
1.1700   75
1.1710   75
1.1720   75
1.1730   75
1.1740   75
1.1750   75
1.1760   75
1.1770   75
1.1780   75
1.1790   75
1.1800   75
1.1810   75
1.1820   75
1.1830   75
1.1840   75
1.1850   75
1.1860   75
1.1870   75
1.1880   75
1.1890   75
1.1900   75
1.1910   75
1.1920   76
1.1930   76
1.1940   76
1.1950   76
1.1960   76
1.1970   76
1.1980   76
1.1990   76
1.2000   76
1.2010   76
1.2020   76
1.2030   76
1.2040   76
1.2050   76
1.2060   76
1.2070   76
1.2080   76
1.2090   76
1.2100   76
1.2110   76
1.2120   76
1.2130   76
1.2140   76
1.2150   76
1.2160   76
1.2170   76
1.2180   76
1.2190   76
1.2200   76
1.2210   76
1.2220   76
1.2230   76
1.2240   76
1.2250   76
1.2260   76
1.2270   76
1.2280   76
1.2290   76
1.2300   76
1.2310   76
1.2320   76
1.2330   76
1.2340   76
1.2350   76
1.2360   77
1.2370   77
1.2380   77
1.2390   77
1.2400   77
1.2410   77
1.2420   77
1.2430   77
1.2440   77
1.2450   77
1.2460   77
1.2470   77
1.2480   77
1.2490   77
1.2500   77
1.2510   77
1.2520   77
1.2530   77
1.2540   77
1.2550   77
1.2560   77
1.2570   77
1.2580   77
1.2590   77
1.2600   77
1.2610   77
1.2620   77
1.2630   77
1.2640   77
1.2650   77
1.2660   77
1.2670   77
1.2680   77
1.2690   77
1.2700   77
1.2710   77
1.2720   77
1.2730   77
1.2740   77
1.2750   77
1.2760   77
1.2770   77
1.2780   77
1.2790   77
1.2800   77
1.2810   77
1.2820   78
1.2830   78
1.2840   78
1.2850   78
1.2860   78
1.2870   78
1.2880   78
1.2890   78
1.2900   78
1.2910   78
1.2920   78
1.2930   78
1.2940   78
1.2950   78
1.2960   78
1.2970   78
1.2980   78
1.2990   78
1.3000   78
1.3010   78
1.3020   78
1.3030   78
1.3040   78
1.3050   78
1.3060   78
1.3070   78
1.3080   78
1.3090   78
1.3100   78
1.3110   78
1.3120   78
1.3130   78
1.3140   78
1.3150   78
1.3160   78
1.3170   78
1.3180   78
1.3190   78
1.3200   78
1.3210   78
1.3220   78
1.3230   78
1.3240   78
1.3250   78
1.3260   78
1.3270   78
1.3280   78
1.3290   78
1.3300   79
1.3310   79
1.3320   79
1.3330   79
1.3340   79
1.3350   79
1.3360   79
1.3370   79
1.3380   79
1.3390   79
1.3400   79
1.3410   79
1.3420   79
1.3430   79
1.3440   79
1.3450   79
1.3460   79
1.3470   79
1.3480   79
1.3490   79
1.3500   79
1.3510   79
1.3520   79
1.3530   79
1.3540   79
1.3550   79
1.3560   79
1.3570   79
1.3580   79
1.3590   79
1.3600   79
1.3610   79
1.3620   79
1.3630   79
1.3640   79
1.3650   79
1.3660   79
1.3670   79
1.3680   79
1.3690   79
1.3700   79
1.3710   79
1.3720   79
1.3730   79
1.3740   79
1.3750   79
1.3760   79
1.3770   79
1.3780   79
1.3790   79
1.3800   80
1.3810   80
1.3820   80
1.3830   80
1.3840   80
1.3850   80
1.3860   80
1.3870   80
1.3880   80
1.3890   80
1.3900   80
1.3910   80
1.3920   80
1.3930   80
1.3940   80
1.3950   80
1.3960   80
1.3970   80
1.3980   80
1.3990   80
1.4000   80
1.4010   80
1.4020   80
1.4030   80
1.4040   80
1.4050   80
1.4060   80
1.4070   80
1.4080   80
1.4090   80
1.4100   80
1.4110   80
1.4120   80
1.4130   80
1.4140   80
1.4150   80
1.4160   80
1.4170   80
1.4180   80
1.4190   80
1.4200   80
1.4210   80
1.4220   80
1.4230   80
1.4240   80
1.4250   80
1.4260   80
1.4270   80
1.4280   80
1.4290   80
1.4300   80
1.4310   80
1.4320   81
1.4330   81
1.4340   81
1.4350   81
1.4360   81
1.4370   81
1.4380   81
1.4390   81
1.4400   81
1.4410   81
1.4420   81
1.4430   81
1.4440   81
1.4450   81
1.4460   81
1.4470   81
1.4480   81
1.4490   81
1.4500   81
1.4510   81
1.4520   81
1.4530   81
1.4540   81
1.4550   81
1.4560   81
1.4570   81
1.4580   81
1.4590   81
1.4600   81
1.4610   81
1.4620   81
1.4630   81
1.4640   81
1.4650   81
1.4660   81
1.4670   81
1.4680   81
1.4690   81
1.4700   81
1.4710   81
1.4720   81
1.4730   81
1.4740   81
1.4750   81
1.4760   81
1.4770   81
1.4780   81
1.4790   81
1.4800   81
1.4810   81
1.4820   81
1.4830   81
1.4840   81
1.4850   81
1.4860   81
1.4870   82
1.4880   82
1.4890   82
1.4900   82
1.4910   82
1.4920   82
1.4930   82
1.4940   82
1.4950   82
1.4960   82
1.4970   82
1.4980   82
1.4990   82
1.5000   82
1.5010   82
1.5020   82
1.5030   82
1.5040   82
1.5050   82
1.5060   82
1.5070   82
1.5080   82
1.5090   82
1.5100   82
1.5110   82
1.5120   82
1.5130   82
1.5140   82
1.5150   82
1.5160   82
1.5170   82
1.5180   82
1.5190   82
1.5200   82
1.5210   82
1.5220   82
1.5230   82
1.5240   82
1.5250   82
1.5260   82
1.5270   82
1.5280   82
1.5290   82
1.5300   82
1.5310   82
1.5320   82
1.5330   82
1.5340   82
1.5350   82
1.5360   82
1.5370   82
1.5380   82
1.5390   82
1.5400   82
1.5410   82
1.5420   82
1.5430   82
1.5440   83
1.5450   83
1.5460   83
1.5470   83
1.5480   83
1.5490   83
1.5500   83
1.5510   83
1.5520   83
1.5530   83
1.5540   83
1.5550   83
1.5560   83
1.5570   83
1.5580   83
1.5590   83
1.5600   83
1.5610   83
1.5620   83
1.5630   83
1.5640   83
1.5650   83
1.5660   83
1.5670   83
1.5680   83
1.5690   83
1.5700   83
1.5710   83
1.5720   83
1.5730   83
1.5740   83
1.5750   83
1.5760   83
1.5770   83
1.5780   83
1.5790   83
1.5800   83
1.5810   83
1.5820   83
1.5830   83
1.5840   83
1.5850   83
1.5860   83
1.5870   83
1.5880   83
1.5890   83
1.5900   83
1.5910   83
1.5920   83
1.5930   83
1.5940   83
1.5950   83
1.5960   83
1.5970   83
1.5980   83
1.5990   83
1.6000   83
1.6010   83
1.6020   83
1.6030   84
1.6040   84
1.6050   84
1.6060   84
1.6070   84
1.6080   84
1.6090   84
1.6100   84
1.6110   84
1.6120   84
1.6130   84
1.6140   84
1.6150   84
1.6160   84
1.6170   84
1.6180   84
1.6190   84
1.6200   84
1.6210   84
1.6220   84
1.6230   84
1.6240   84
1.6250   84
1.6260   84
1.6270   84
1.6280   84
1.6290   84
1.6300   84
1.6310   84
1.6320   84
1.6330   84
1.6340   84
1.6350   84
1.6360   84
1.6370   84
1.6380   84
1.6390   84
1.6400   84
1.6410   84
1.6420   84
1.6430   84
1.6440   84
1.6450   84
1.6460   84
1.6470   84
1.6480   84
1.6490   84
1.6500   84
1.6510   84
1.6520   84
1.6530   84
1.6540   84
1.6550   84
1.6560   84
1.6570   84
1.6580   84
1.6590   84
1.6600   84
1.6610   84
1.6620   84
1.6630   84
1.6640   84
1.6650   85
1.6660   85
1.6670   85
1.6680   85
1.6690   85
1.6700   85
1.6710   85
1.6720   85
1.6730   85
1.6740   85
1.6750   85
1.6760   85
1.6770   85
1.6780   85
1.6790   85
1.6800   85
1.6810   85
1.6820   85
1.6830   85
1.6840   85
1.6850   85
1.6860   85
1.6870   85
1.6880   85
1.6890   85
1.6900   85
1.6910   85
1.6920   85
1.6930   85
1.6940   85
1.6950   85
1.6960   85
1.6970   85
1.6980   85
1.6990   85
1.7000   85
1.7010   85
1.7020   85
1.7030   85
1.7040   85
1.7050   85
1.7060   85
1.7070   85
1.7080   85
1.7090   85
1.7100   85
1.7110   85
1.7120   85
1.7130   85
1.7140   85
1.7150   85
1.7160   85
1.7170   85
1.7180   85
1.7190   85
1.7200   85
1.7210   85
1.7220   85
1.7230   85
1.7240   85
1.7250   85
1.7260   85
1.7270   85
1.7280   85
1.7290   86
1.7300   86
1.7310   86
1.7320   86
1.7330   86
1.7340   86
1.7350   86
1.7360   86
1.7370   86
1.7380   86
1.7390   86
1.7400   86
1.7410   86
1.7420   86
1.7430   86
1.7440   86
1.7450   86
1.7460   86
1.7470   86
1.7480   86
1.7490   86
1.7500   86
1.7510   86
1.7520   86
1.7530   86
1.7540   86
1.7550   86
1.7560   86
1.7570   86
1.7580   86
1.7590   86
1.7600   86
1.7610   86
1.7620   86
1.7630   86
1.7640   86
1.7650   86
1.7660   86
1.7670   86
1.7680   86
1.7690   86
1.7700   86
1.7710   86
1.7720   86
1.7730   86
1.7740   86
1.7750   86
1.7760   86
1.7770   86
1.7780   86
1.7790   86
1.7800   86
1.7810   86
1.7820   86
1.7830   86
1.7840   86
1.7850   86
1.7860   86
1.7870   86
1.7880   86
1.7890   86
1.7900   86
1.7910   86
1.7920   86
1.7930   86
1.7940   86
1.7950   86
1.7960   87
1.7970   87
1.7980   87
1.7990   87
1.8000   87
1.8010   87
1.8020   87
1.8030   87
1.8040   87
1.8050   87
1.8060   87
1.8070   87
1.8080   87
1.8090   87
1.8100   87
1.8110   87
1.8120   87
1.8130   87
1.8140   87
1.8150   87
1.8160   87
1.8170   87
1.8180   87
1.8190   87
1.8200   87
1.8210   87
1.8220   87
1.8230   87
1.8240   87
1.8250   87
1.8260   87
1.8270   87
1.8280   87
1.8290   87
1.8300   87
1.8310   87
1.8320   87
1.8330   87
1.8340   87
1.8350   87
1.8360   87
1.8370   87
1.8380   87
1.8390   87
1.8400   87
1.8410   87
1.8420   87
1.8430   87
1.8440   87
1.8450   87
1.8460   87
1.8470   87
1.8480   87
1.8490   87
1.8500   87
1.8510   87
1.8520   87
1.8530   87
1.8540   87
1.8550   87
1.8560   87
1.8570   87
1.8580   87
1.8590   87
1.8600   87
1.8610   87
1.8620   87
1.8630   87
1.8640   87
1.8650   87
1.8660   88
1.8670   88
1.8680   88
1.8690   88
1.8700   88
1.8710   88
1.8720   88
1.8730   88
1.8740   88
1.8750   88
1.8760   88
1.8770   88
1.8780   88
1.8790   88
1.8800   88
1.8810   88
1.8820   88
1.8830   88
1.8840   88
1.8850   88
1.8860   88
1.8870   88
1.8880   88
1.8890   88
1.8900   88
1.8910   88
1.8920   88
1.8930   88
1.8940   88
1.8950   88
1.8960   88
1.8970   88
1.8980   88
1.8990   88
1.9000   88
1.9010   88
1.9020   88
1.9030   88
1.9040   88
1.9050   88
1.9060   88
1.9070   88
1.9080   88
1.9090   88
1.9100   88
1.9110   88
1.9120   88
1.9130   88
1.9140   88
1.9150   88
1.9160   88
1.9170   88
1.9180   88
1.9190   88
1.9200   88
1.9210   88
1.9220   88
1.9230   88
1.9240   88
1.9250   88
1.9260   88
1.9270   88
1.9280   88
1.9290   88
1.9300   88
1.9310   88
1.9320   88
1.9330   88
1.9340   88
1.9350   88
1.9360   88
1.9370   88
1.9380   89
1.9390   89
1.9400   89
1.9410   89
1.9420   89
1.9430   89
1.9440   89
1.9450   89
1.9460   89
1.9470   89
1.9480   89
1.9490   89
1.9500   89
1.9510   89
1.9520   89
1.9530   89
1.9540   89
1.9550   89
1.9560   89
1.9570   89
1.9580   89
1.9590   89
1.9600   89
1.9610   89
1.9620   89
1.9630   89
1.9640   89
1.9650   89
1.9660   89
1.9670   89
1.9680   89
1.9690   89
1.9700   89
1.9710   89
1.9720   89
1.9730   89
1.9740   89
1.9750   89
1.9760   89
1.9770   89
1.9780   89
1.9790   89
1.9800   89
1.9810   89
1.9820   89
1.9830   89
1.9840   89
1.9850   89
1.9860   89
1.9870   89
1.9880   89
1.9890   89
1.9900   89
1.9910   89
1.9920   89
1.9930   89
1.9940   89
1.9950   89
1.9960   89
1.9970   89
1.9980   89
1.9990   89
2.0000   89
2.0010   89
2.0020   89
2.0030   89
2.0040   89
2.0050   89
2.0060   89
2.0070   89
2.0080   89
2.0090   89
2.0100   89
2.0110   89
2.0120   90
2.0130   90
2.0140   90
2.0150   90
2.0160   90
2.0170   90
2.0180   90
2.0190   90
2.0200   90
2.0210   90
2.0220   90
2.0230   90
2.0240   90
2.0250   90
2.0260   90
2.0270   90
2.0280   90
2.0290   90
2.0300   90
2.0310   90
2.0320   90
2.0330   90
2.0340   90
2.0350   90
2.0360   90
2.0370   90
2.0380   90
2.0390   90
2.0400   90
2.0410   90
2.0420   90
2.0430   90
2.0440   90
2.0450   90
2.0460   90
2.0470   90
2.0480   90
2.0490   90
2.0500   90
2.0510   90
2.0520   90
2.0530   90
2.0540   90
2.0550   90
2.0560   90
2.0570   90
2.0580   90
2.0590   90
2.0600   90
2.0610   90
2.0620   90
2.0630   90
2.0640   90
2.0650   90
2.0660   90
2.0670   90
2.0680   90
2.0690   90
2.0700   90
2.0710   90
2.0720   90
2.0730   90
2.0740   90
2.0750   90
2.0760   90
2.0770   90
2.0780   90
2.0790   90
2.0800   90
2.0810   90
2.0820   90
2.0830   90
2.0840   90
2.0850   90
2.0860   90
2.0870   90
2.0880   91
2.0890   91
2.0900   91
2.0910   91
2.0920   91
2.0930   91
2.0940   91
2.0950   91
2.0960   91
2.0970   91
2.0980   91
2.0990   91
2.1000   91
2.1010   91
2.1020   91
2.1030   91
2.1040   91
2.1050   91
2.1060   91
2.1070   91
2.1080   91
2.1090   91
2.1100   91
2.1110   91
2.1120   91
2.1130   91
2.1140   91
2.1150   91
2.1160   91
2.1170   91
2.1180   91
2.1190   91
2.1200   91
2.1210   91
2.1220   91
2.1230   91
2.1240   91
2.1250   91
2.1260   91
2.1270   91
2.1280   91
2.1290   91
2.1300   91
2.1310   91
2.1320   91
2.1330   91
2.1340   91
2.1350   91
2.1360   91
2.1370   91
2.1380   91
2.1390   91
2.1400   91
2.1410   91
2.1420   91
2.1430   91
2.1440   91
2.1450   91
2.1460   91
2.1470   91
2.1480   91
2.1490   91
2.1500   91
2.1510   91
2.1520   91
2.1530   91
2.1540   91
2.1550   91
2.1560   91
2.1570   91
2.1580   91
2.1590   91
2.1600   91
2.1610   91
2.1620   91
2.1630   91
2.1640   91
2.1650   91
2.1660   92
2.1670   92
2.1680   92
2.1690   92
2.1700   92
2.1710   92
2.1720   92
2.1730   92
2.1740   92
2.1750   92
2.1760   92
2.1770   92
2.1780   92
2.1790   92
2.1800   92
2.1810   92
2.1820   92
2.1830   92
2.1840   92
2.1850   92
2.1860   92
2.1870   92
2.1880   92
2.1890   92
2.1900   92
2.1910   92
2.1920   92
2.1930   92
2.1940   92
2.1950   92
2.1960   92
2.1970   92
2.1980   92
2.1990   92
2.2000   92
2.2010   92
2.2020   92
2.2030   92
2.2040   92
2.2050   92
2.2060   92
2.2070   92
2.2080   92
2.2090   92
2.2100   92
2.2110   92
2.2120   92
2.2130   92
2.2140   92
2.2150   92
2.2160   92
2.2170   92
2.2180   92
2.2190   92
2.2200   92
2.2210   92
2.2220   92
2.2230   92
2.2240   92
2.2250   92
2.2260   92
2.2270   92
2.2280   92
2.2290   92
2.2300   92
2.2310   92
2.2320   92
2.2330   92
2.2340   92
2.2350   92
2.2360   92
2.2370   92
2.2380   92
2.2390   92
2.2400   92
2.2410   92
2.2420   92
2.2430   92
2.2440   92
2.2450   92
2.2460   93
2.2470   93
2.2480   93
2.2490   93
2.2500   93
2.2510   93
2.2520   93
2.2530   93
2.2540   93
2.2550   93
2.2560   93
2.2570   93
2.2580   93
2.2590   93
2.2600   93
2.2610   93
2.2620   93
2.2630   93
2.2640   93
2.2650   93
2.2660   93
2.2670   93
2.2680   93
2.2690   93
2.2700   93
2.2710   93
2.2720   93
2.2730   93
2.2740   93
2.2750   93
2.2760   93
2.2770   93
2.2780   93
2.2790   93
2.2800   93
2.2810   93
2.2820   93
2.2830   93
2.2840   93
2.2850   93
2.2860   93
2.2870   93
2.2880   93
2.2890   93
2.2900   93
2.2910   93
2.2920   93
2.2930   93
2.2940   93
2.2950   93
2.2960   93
2.2970   93
2.2980   93
2.2990   93
2.3000   93
2.3010   93
2.3020   93
2.3030   93
2.3040   93
2.3050   93
2.3060   93
2.3070   93
2.3080   93
2.3090   93
2.3100   93
2.3110   93
2.3120   93
2.3130   93
2.3140   93
2.3150   93
2.3160   93
2.3170   93
2.3180   93
2.3190   93
2.3200   93
2.3210   93
2.3220   93
2.3230   93
2.3240   93
2.3250   93
2.3260   93
2.3270   93
2.3280   94
2.3290   94
2.3300   94
2.3310   94
2.3320   94
2.3330   94
2.3340   94
2.3350   94
2.3360   94
2.3370   94
2.3380   94
2.3390   94
2.3400   94
2.3410   94
2.3420   94
2.3430   94
2.3440   94
2.3450   94
2.3460   94
2.3470   94
2.3480   94
2.3490   94
2.3500   94
2.3510   94
2.3520   94
2.3530   94
2.3540   94
2.3550   94
2.3560   94
2.3570   94
2.3580   94
2.3590   94
2.3600   94
2.3610   94
2.3620   94
2.3630   94
2.3640   94
2.3650   94
2.3660   94
2.3670   94
2.3680   94
2.3690   94
2.3700   94
2.3710   94
2.3720   94
2.3730   94
2.3740   94
2.3750   94
2.3760   94
2.3770   94
2.3780   94
2.3790   94
2.3800   94
2.3810   94
2.3820   94
2.3830   94
2.3840   94
2.3850   94
2.3860   94
2.3870   94
2.3880   94
2.3890   94
2.3900   94
2.3910   94
2.3920   94
2.3930   94
2.3940   94
2.3950   94
2.3960   94
2.3970   94
2.3980   94
2.3990   94
2.4000   94
2.4010   94
2.4020   94
2.4030   94
2.4040   94
2.4050   94
2.4060   94
2.4070   94
2.4080   94
2.4090   94
2.4100   94
2.4110   95
2.4120   95
2.4130   95
2.4140   95
2.4150   95
2.4160   95
2.4170   95
2.4180   95
2.4190   95
2.4200   95
2.4210   95
2.4220   95
2.4230   95
2.4240   95
2.4250   95
2.4260   95
2.4270   95
2.4280   95
2.4290   95
2.4300   95
2.4310   95
2.4320   95
2.4330   95
2.4340   95
2.4350   95
2.4360   95
2.4370   95
2.4380   95
2.4390   95
2.4400   95
2.4410   95
2.4420   95
2.4430   95
2.4440   95
2.4450   95
2.4460   95
2.4470   95
2.4480   95
2.4490   95
2.4500   95
2.4510   95
2.4520   95
2.4530   95
2.4540   95
2.4550   95
2.4560   95
2.4570   95
2.4580   95
2.4590   95
2.4600   95
2.4610   95
2.4620   95
2.4630   95
2.4640   95
2.4650   95
2.4660   95
2.4670   95
2.4680   95
2.4690   95
2.4700   95
2.4710   95
2.4720   95
2.4730   95
2.4740   95
2.4750   95
2.4760   95
2.4770   95
2.4780   95
2.4790   95
2.4800   95
2.4810   95
2.4820   95
2.4830   95
2.4840   95
2.4850   95
2.4860   95
2.4870   95
2.4880   95
2.4890   95
2.4900   95
2.4910   95
2.4920   95
2.4930   95
2.4940   96
2.4950   96
2.4960   96
2.4970   96
2.4980   96
2.4990   96
2.5000   96
2.5010   96
2.5020   96
2.5030   96
2.5040   96
2.5050   96
2.5060   96
2.5070   96
2.5080   96
2.5090   96
2.5100   96
2.5110   96
2.5120   96
2.5130   96
2.5140   96
2.5150   96
2.5160   96
2.5170   96
2.5180   96
2.5190   96
2.5200   96
2.5210   96
2.5220   96
2.5230   96
2.5240   96
2.5250   96
2.5260   96
2.5270   96
2.5280   96
2.5290   96
2.5300   96
2.5310   96
2.5320   96
2.5330   96
2.5340   96
2.5350   96
2.5360   96
2.5370   96
2.5380   96
2.5390   96
2.5400   96
2.5410   96
2.5420   96
2.5430   96
2.5440   96
2.5450   96
2.5460   96
2.5470   96
2.5480   96
2.5490   96
2.5500   96
2.5510   96
2.5520   96
2.5530   96
2.5540   96
2.5550   96
2.5560   96
2.5570   96
2.5580   96
2.5590   96
2.5600   96
2.5610   96
2.5620   96
2.5630   96
2.5640   96
2.5650   96
2.5660   96
2.5670   96
2.5680   96
2.5690   96
2.5700   96
2.5710   96
2.5720   96
2.5730   96
2.5740   96
2.5750   96
2.5760   96
2.5770   97
2.5780   97
2.5790   97
2.5800   97
2.5810   97
2.5820   97
2.5830   97
2.5840   97
2.5850   97
2.5860   97
2.5870   97
2.5880   97
2.5890   97
2.5900   97
2.5910   97
2.5920   97
2.5930   97
2.5940   97
2.5950   97
2.5960   97
2.5970   97
2.5980   97
2.5990   97
2.6000   97
2.6010   97
2.6020   97
2.6030   97
2.6040   97
2.6050   97
2.6060   97
2.6070   97
2.6080   97
2.6090   97
2.6100   97
2.6110   97
2.6120   97
2.6130   97
2.6140   97
2.6150   97
2.6160   97
2.6170   97
2.6180   97
2.6190   97
2.6200   97
2.6210   97
2.6220   97
2.6230   97
2.6240   97
2.6250   97
2.6260   97
2.6270   97
2.6280   97
2.6290   97
2.6300   97
2.6310   97
2.6320   97
2.6330   97
2.6340   97
2.6350   97
2.6360   97
2.6370   97
2.6380   97
2.6390   97
2.6400   97
2.6410   97
2.6420   97
2.6430   97
2.6440   97
2.6450   97
2.6460   97
2.6470   97
2.6480   97
2.6490   97
2.6500   97
2.6510   97
2.6520   97
2.6530   97
2.6540   97
2.6550   97
2.6560   97
2.6570   97
2.6580   97
2.6590   97
2.6600   97
2.6610   98
2.6620   98
2.6630   98
2.6640   98
2.6650   98
2.6660   98
2.6670   98
2.6680   98
2.6690   98
2.6700   98
2.6710   98
2.6720   98
2.6730   98
2.6740   98
2.6750   98
2.6760   98
2.6770   98
2.6780   98
2.6790   98
2.6800   98
2.6810   98
2.6820   98
2.6830   98
2.6840   98
2.6850   98
2.6860   98
2.6870   98
2.6880   98
2.6890   98
2.6900   98
2.6910   98
2.6920   98
2.6930   98
2.6940   98
2.6950   98
2.6960   98
2.6970   98
2.6980   98
2.6990   98
2.7000   98
2.7010   98
2.7020   98
2.7030   98
2.7040   98
2.7050   98
2.7060   98
2.7070   98
2.7080   98
2.7090   98
2.7100   98
2.7110   98
2.7120   98
2.7130   98
2.7140   98
2.7150   98
2.7160   98
2.7170   98
2.7180   98
2.7190   98
2.7200   98
2.7210   98
2.7220   98
2.7230   98
2.7240   98
2.7250   98
2.7260   98
2.7270   98
2.7280   98
2.7290   98
2.7300   98
2.7310   98
2.7320   98
2.7330   98
2.7340   98
2.7350   98
2.7360   98
2.7370   98
2.7380   98
2.7390   98
2.7400   98
2.7410   98
2.7420   98
2.7430   98
2.7440   99
2.7450   99
2.7460   99
2.7470   99
2.7480   99
2.7490   99
2.7500   99
2.7510   99
2.7520   99
2.7530   99
2.7540   99
2.7550   99
2.7560   99
2.7570   99
2.7580   99
2.7590   99
2.7600   99
2.7610   99
2.7620   99
2.7630   99
2.7640   99
2.7650   99
2.7660   99
2.7670   99
2.7680   99
2.7690   99
2.7700   99
2.7710   99
2.7720   99
2.7730   99
2.7740   99
2.7750   99
2.7760   99
2.7770   99
2.7780   99
2.7790   99
2.7800   99
2.7810   99
2.7820   99
2.7830   99
2.7840   99
2.7850   99
2.7860   99
2.7870   99
2.7880   99
2.7890   99
2.7900   99
2.7910   99
2.7920   99
2.7930   99
2.7940   99
2.7950   99
2.7960   99
2.7970   99
2.7980   99
2.7990   99
2.8000   99
2.8010   99
2.8020   99
2.8030   99
2.8040   99
2.8050   99
2.8060   99
2.8070   99
2.8080   99
2.8090   99
2.8100   99
2.8110   99
2.8120   99
2.8130   99
2.8140   99
2.8150   99
2.8160   99
2.8170   99
2.8180   99
2.8190   99
2.8200   99
2.8210   99
2.8220   99
2.8230   99
2.8240   99
2.8250   99
2.8260  100
2.8270  100
2.8280  100
2.8290  100
2.8300  100
2.8310  100
2.8320  100
2.8330  100
2.8340  100
2.8350  100
2.8360  100
2.8370  100
2.8380  100
2.8390  100
2.8400  100
2.8410  100
2.8420  100
2.8430  100
2.8440  100
2.8450  100
2.8460  100
2.8470  100
2.8480  100
2.8490  100
2.8500  100
2.8510  100
2.8520  100
2.8530  100
2.8540  100
2.8550  100
2.8560  100
2.8570  100
2.8580  100
2.8590  100
2.8600  100
2.8610  100
2.8620  100
2.8630  100
2.8640  100
2.8650  100
2.8660  100
2.8670  100
2.8680  100
2.8690  100
2.8700  100
2.8710  100
2.8720  100
2.8730  100
2.8740  100
2.8750  100
2.8760  100
2.8770  100
2.8780  100
2.8790  100
2.8800  100
2.8810  100
2.8820  100
2.8830  100
2.8840  100
2.8850  100
2.8860  100
2.8870  100
2.8880  100
2.8890  100
2.8900  100
2.8910  100
2.8920  100
2.8930  100
2.8940  100
2.8950  100
2.8960  100
2.8970  100
2.8980  100
2.8990  100
2.9000  100
2.9010  100
2.9020  100
2.9030  100
2.9040  100
2.9050  100
2.9060  101
2.9070  101
2.9080  101
2.9090  101
2.9100  101
2.9110  101
2.9120  101
2.9130  101
2.9140  101
2.9150  101
2.9160  101
2.9170  101
2.9180  101
2.9190  101
2.9200  101
2.9210  101
2.9220  101
2.9230  101
2.9240  101
2.9250  101
2.9260  101
2.9270  101
2.9280  101
2.9290  101
2.9300  101
2.9310  101
2.9320  101
2.9330  101
2.9340  101
2.9350  101
2.9360  101
2.9370  101
2.9380  101
2.9390  101
2.9400  101
2.9410  101
2.9420  101
2.9430  101
2.9440  101
2.9450  101
2.9460  101
2.9470  101
2.9480  101
2.9490  101
2.9500  101
2.9510  101
2.9520  101
2.9530  101
2.9540  101
2.9550  101
2.9560  101
2.9570  101
2.9580  101
2.9590  101
2.9600  101
2.9610  101
2.9620  101
2.9630  101
2.9640  101
2.9650  101
2.9660  101
2.9670  101
2.9680  101
2.9690  101
2.9700  101
2.9710  101
2.9720  101
2.9730  101
2.9740  101
2.9750  101
2.9760  101
2.9770  101
2.9780  101
2.9790  101
2.9800  101
2.9810  101
2.9820  101
2.9830  101
2.9840  101
2.9850  102
2.9860  102
2.9870  102
2.9880  102
2.9890  102
2.9900  102
2.9910  102
2.9920  102
2.9930  102
2.9940  102
2.9950  102
2.9960  102
2.9970  102
2.9980  102
2.9990  102
3.0000  102
3.0010  102
3.0020  102
3.0030  102
3.0040  102
3.0050  102
3.0060  102
3.0070  102
3.0080  102
3.0090  102
3.0100  102
3.0110  102
3.0120  102
3.0130  102
3.0140  102
3.0150  102
3.0160  102
3.0170  102
3.0180  102
3.0190  102
3.0200  102
3.0210  102
3.0220  102
3.0230  102
3.0240  102
3.0250  102
3.0260  102
3.0270  102
3.0280  102
3.0290  102
3.0300  102
3.0310  102
3.0320  102
3.0330  102
3.0340  102
3.0350  102
3.0360  102
3.0370  102
3.0380  102
3.0390  102
3.0400  102
3.0410  102
3.0420  102
3.0430  102
3.0440  102
3.0450  102
3.0460  102
3.0470  102
3.0480  102
3.0490  102
3.0500  102
3.0510  102
3.0520  102
3.0530  102
3.0540  102
3.0550  102
3.0560  102
3.0570  102
3.0580  102
3.0590  102
3.0600  102
3.0610  103
3.0620  103
3.0630  103
3.0640  103
3.0650  103
3.0660  103
3.0670  103
3.0680  103
3.0690  103
3.0700  103
3.0710  103
3.0720  103
3.0730  103
3.0740  103
3.0750  103
3.0760  103
3.0770  103
3.0780  103
3.0790  103
3.0800  103
3.0810  103
3.0820  103
3.0830  103
3.0840  103
3.0850  103
3.0860  103
3.0870  103
3.0880  103
3.0890  103
3.0900  103
3.0910  103
3.0920  103
3.0930  103
3.0940  103
3.0950  103
3.0960  103
3.0970  103
3.0980  103
3.0990  103
3.1000  103
3.1010  103
3.1020  103
3.1030  103
3.1040  103
3.1050  103
3.1060  103
3.1070  103
3.1080  103
3.1090  103
3.1100  103
3.1110  103
3.1120  103
3.1130  103
3.1140  103
3.1150  103
3.1160  103
3.1170  103
3.1180  103
3.1190  103
3.1200  103
3.1210  103
3.1220  103
3.1230  103
3.1240  103
3.1250  103
3.1260  103
3.1270  103
3.1280  103
3.1290  103
3.1300  103
3.1310  103
3.1320  103
3.1330  103
3.1340  103
3.1350  104
3.1360  104
3.1370  104
3.1380  104
3.1390  104
3.1400  104
3.1410  104
3.1420  104
3.1430  104
3.1440  104
3.1450  104
3.1460  104
3.1470  104
3.1480  104
3.1490  104
3.1500  104
3.1510  104
3.1520  104
3.1530  104
3.1540  104
3.1550  104
3.1560  104
3.1570  104
3.1580  104
3.1590  104
3.1600  104
3.1610  104
3.1620  104
3.1630  104
3.1640  104
3.1650  104
3.1660  104
3.1670  104
3.1680  104
3.1690  104
3.1700  104
3.1710  104
3.1720  104
3.1730  104
3.1740  104
3.1750  104
3.1760  104
3.1770  104
3.1780  104
3.1790  104
3.1800  104
3.1810  104
3.1820  104
3.1830  104
3.1840  104
3.1850  104
3.1860  104
3.1870  104
3.1880  104
3.1890  104
3.1900  104
3.1910  104
3.1920  104
3.1930  104
3.1940  104
3.1950  104
3.1960  104
3.1970  104
3.1980  104
3.1990  104
3.2000  104
3.2010  104
3.2020  104
3.2030  104
3.2040  104
3.2050  104
3.2060  104
3.2070  105
3.2080  105
3.2090  105
3.2100  105
3.2110  105
3.2120  105
3.2130  105
3.2140  105
3.2150  105
3.2160  105
3.2170  105
3.2180  105
3.2190  105
3.2200  105
3.2210  105
3.2220  105
3.2230  105
3.2240  105
3.2250  105
3.2260  105
3.2270  105
3.2280  105
3.2290  105
3.2300  105
3.2310  105
3.2320  105
3.2330  105
3.2340  105
3.2350  105
3.2360  105
3.2370  105
3.2380  105
3.2390  105
3.2400  105
3.2410  105
3.2420  105
3.2430  105
3.2440  105
3.2450  105
3.2460  105
3.2470  105
3.2480  105
3.2490  105
3.2500  105
3.2510  105
3.2520  105
3.2530  105
3.2540  105
3.2550  105
3.2560  105
3.2570  105
3.2580  105
3.2590  105
3.2600  105
3.2610  105
3.2620  105
3.2630  105
3.2640  105
3.2650  105
3.2660  105
3.2670  105
3.2680  105
3.2690  105
3.2700  105
3.2710  105
3.2720  105
3.2730  105
3.2740  105
3.2750  105
3.2760  105
3.2770  106
3.2780  106
3.2790  106
3.2800  106
3.2810  106
3.2820  106
3.2830  106
3.2840  106
3.2850  106
3.2860  106
3.2870  106
3.2880  106
3.2890  106
3.2900  106
3.2910  106
3.2920  106
3.2930  106
3.2940  106
3.2950  106
3.2960  106
3.2970  106
3.2980  106
3.2990  106
3.3000  106
3.3010  106
3.3020  106
3.3030  106
3.3040  106
3.3050  106
3.3060  106
3.3070  106
3.3080  106
3.3090  106
3.3100  106
3.3110  106
3.3120  106
3.3130  106
3.3140  106
3.3150  106
3.3160  106
3.3170  106
3.3180  106
3.3190  106
3.3200  106
3.3210  106
3.3220  106
3.3230  106
3.3240  106
3.3250  106
3.3260  106
3.3270  106
3.3280  106
3.3290  106
3.3300  106
3.3310  106
3.3320  106
3.3330  106
3.3340  106
3.3350  106
3.3360  106
3.3370  106
3.3380  106
3.3390  106
3.3400  106
3.3410  106
3.3420  106
3.3430  106
3.3440  107
3.3450  107
3.3460  107
3.3470  107
3.3480  107
3.3490  107
3.3500  107
3.3510  107
3.3520  107
3.3530  107
3.3540  107
3.3550  107
3.3560  107
3.3570  107
3.3580  107
3.3590  107
3.3600  107
3.3610  107
3.3620  107
3.3630  107
3.3640  107
3.3650  107
3.3660  107
3.3670  107
3.3680  107
3.3690  107
3.3700  107
3.3710  107
3.3720  107
3.3730  107
3.3740  107
3.3750  107
3.3760  107
3.3770  107
3.3780  107
3.3790  107
3.3800  107
3.3810  107
3.3820  107
3.3830  107
3.3840  107
3.3850  107
3.3860  107
3.3870  107
3.3880  107
3.3890  107
3.3900  107
3.3910  107
3.3920  107
3.3930  107
3.3940  107
3.3950  107
3.3960  107
3.3970  107
3.3980  107
3.3990  107
3.4000  107
3.4010  107
3.4020  107
3.4030  107
3.4040  107
3.4050  107
3.4060  107
3.4070  107
3.4080  108
3.4090  108
3.4100  108
3.4110  108
3.4120  108
3.4130  108
3.4140  108
3.4150  108
3.4160  108
3.4170  108
3.4180  108
3.4190  108
3.4200  108
3.4210  108
3.4220  108
3.4230  108
3.4240  108
3.4250  108
3.4260  108
3.4270  108
3.4280  108
3.4290  108
3.4300  108
3.4310  108
3.4320  108
3.4330  108
3.4340  108
3.4350  108
3.4360  108
3.4370  108
3.4380  108
3.4390  108
3.4400  108
3.4410  108
3.4420  108
3.4430  108
3.4440  108
3.4450  108
3.4460  108
3.4470  108
3.4480  108
3.4490  108
3.4500  108
3.4510  108
3.4520  108
3.4530  108
3.4540  108
3.4550  108
3.4560  108
3.4570  108
3.4580  108
3.4590  108
3.4600  108
3.4610  108
3.4620  108
3.4630  108
3.4640  108
3.4650  108
3.4660  108
3.4670  108
3.4680  108
3.4690  109
3.4700  109
3.4710  109
3.4720  109
3.4730  109
3.4740  109
3.4750  109
3.4760  109
3.4770  109
3.4780  109
3.4790  109
3.4800  109
3.4810  109
3.4820  109
3.4830  109
3.4840  109
3.4850  109
3.4860  109
3.4870  109
3.4880  109
3.4890  109
3.4900  109
3.4910  109
3.4920  109
3.4930  109
3.4940  109
3.4950  109
3.4960  109
3.4970  109
3.4980  109
3.4990  109
3.5000  109
3.5010  109
3.5020  109
3.5030  109
3.5040  109
3.5050  109
3.5060  109
3.5070  109
3.5080  109
3.5090  109
3.5100  109
3.5110  109
3.5120  109
3.5130  109
3.5140  109
3.5150  109
3.5160  109
3.5170  109
3.5180  109
3.5190  109
3.5200  109
3.5210  109
3.5220  109
3.5230  109
3.5240  109
3.5250  109
3.5260  109
3.5270  109
3.5280  110
3.5290  110
3.5300  110
3.5310  110
3.5320  110
3.5330  110
3.5340  110
3.5350  110
3.5360  110
3.5370  110
3.5380  110
3.5390  110
3.5400  110
3.5410  110
3.5420  110
3.5430  110
3.5440  110
3.5450  110
3.5460  110
3.5470  110
3.5480  110
3.5490  110
3.5500  110
3.5510  110
3.5520  110
3.5530  110
3.5540  110
3.5550  110
3.5560  110
3.5570  110
3.5580  110
3.5590  110
3.5600  110
3.5610  110
3.5620  110
3.5630  110
3.5640  110
3.5650  110
3.5660  110
3.5670  110
3.5680  110
3.5690  110
3.5700  110
3.5710  110
3.5720  110
3.5730  110
3.5740  110
3.5750  110
3.5760  110
3.5770  110
3.5780  110
3.5790  110
3.5800  110
3.5810  110
3.5820  110
3.5830  110
3.5840  111
3.5850  111
3.5860  111
3.5870  111
3.5880  111
3.5890  111
3.5900  111
3.5910  111
3.5920  111
3.5930  111
3.5940  111
3.5950  111
3.5960  111
3.5970  111
3.5980  111
3.5990  111
3.6000  111
3.6010  111
3.6020  111
3.6030  111
3.6040  111
3.6050  111
3.6060  111
3.6070  111
3.6080  111
3.6090  111
3.6100  111
3.6110  111
3.6120  111
3.6130  111
3.6140  111
3.6150  111
3.6160  111
3.6170  111
3.6180  111
3.6190  111
3.6200  111
3.6210  111
3.6220  111
3.6230  111
3.6240  111
3.6250  111
3.6260  111
3.6270  111
3.6280  111
3.6290  111
3.6300  111
3.6310  111
3.6320  111
3.6330  111
3.6340  111
3.6350  111
3.6360  111
3.6370  111
3.6380  112
3.6390  112
3.6400  112
3.6410  112
3.6420  112
3.6430  112
3.6440  112
3.6450  112
3.6460  112
3.6470  112
3.6480  112
3.6490  112
3.6500  112
3.6510  112
3.6520  112
3.6530  112
3.6540  112
3.6550  112
3.6560  112
3.6570  112
3.6580  112
3.6590  112
3.6600  112
3.6610  112
3.6620  112
3.6630  112
3.6640  112
3.6650  112
3.6660  112
3.6670  112
3.6680  112
3.6690  112
3.6700  112
3.6710  112
3.6720  112
3.6730  112
3.6740  112
3.6750  112
3.6760  112
3.6770  112
3.6780  112
3.6790  112
3.6800  112
3.6810  112
3.6820  112
3.6830  112
3.6840  112
3.6850  112
3.6860  112
3.6870  112
3.6880  112
3.6890  112
3.6900  113
3.6910  113
3.6920  113
3.6930  113
3.6940  113
3.6950  113
3.6960  113
3.6970  113
3.6980  113
3.6990  113
3.7000  113
3.7010  113
3.7020  113
3.7030  113
3.7040  113
3.7050  113
3.7060  113
3.7070  113
3.7080  113
3.7090  113
3.7100  113
3.7110  113
3.7120  113
3.7130  113
3.7140  113
3.7150  113
3.7160  113
3.7170  113
3.7180  113
3.7190  113
3.7200  113
3.7210  113
3.7220  113
3.7230  113
3.7240  113
3.7250  113
3.7260  113
3.7270  113
3.7280  113
3.7290  113
3.7300  113
3.7310  113
3.7320  113
3.7330  113
3.7340  113
3.7350  113
3.7360  113
3.7370  113
3.7380  113
3.7390  114
3.7400  114
3.7410  114
3.7420  114
3.7430  114
3.7440  114
3.7450  114
3.7460  114
3.7470  114
3.7480  114
3.7490  114
3.7500  114
3.7510  114
3.7520  114
3.7530  114
3.7540  114
3.7550  114
3.7560  114
3.7570  114
3.7580  114
3.7590  114
3.7600  114
3.7610  114
3.7620  114
3.7630  114
3.7640  114
3.7650  114
3.7660  114
3.7670  114
3.7680  114
3.7690  114
3.7700  114
3.7710  114
3.7720  114
3.7730  114
3.7740  114
3.7750  114
3.7760  114
3.7770  114
3.7780  114
3.7790  114
3.7800  114
3.7810  114
3.7820  114
3.7830  114
3.7840  114
3.7850  114
3.7860  115
3.7870  115
3.7880  115
3.7890  115
3.7900  115
3.7910  115
3.7920  115
3.7930  115
3.7940  115
3.7950  115
3.7960  115
3.7970  115
3.7980  115
3.7990  115
3.8000  115
3.8010  115
3.8020  115
3.8030  115
3.8040  115
3.8050  115
3.8060  115
3.8070  115
3.8080  115
3.8090  115
3.8100  115
3.8110  115
3.8120  115
3.8130  115
3.8140  115
3.8150  115
3.8160  115
3.8170  115
3.8180  115
3.8190  115
3.8200  115
3.8210  115
3.8220  115
3.8230  115
3.8240  115
3.8250  115
3.8260  115
3.8270  115
3.8280  115
3.8290  115
3.8300  116
3.8310  116
3.8320  116
3.8330  116
3.8340  116
3.8350  116
3.8360  116
3.8370  116
3.8380  116
3.8390  116
3.8400  116
3.8410  116
3.8420  116
3.8430  116
3.8440  116
3.8450  116
3.8460  116
3.8470  116
3.8480  116
3.8490  116
3.8500  116
3.8510  116
3.8520  116
3.8530  116
3.8540  116
3.8550  116
3.8560  116
3.8570  116
3.8580  116
3.8590  116
3.8600  116
3.8610  116
3.8620  116
3.8630  116
3.8640  116
3.8650  116
3.8660  116
3.8670  116
3.8680  116
3.8690  116
3.8700  116
3.8710  116
3.8720  116
3.8730  117
3.8740  117
3.8750  117
3.8760  117
3.8770  117
3.8780  117
3.8790  117
3.8800  117
3.8810  117
3.8820  117
3.8830  117
3.8840  117
3.8850  117
3.8860  117
3.8870  117
3.8880  117
3.8890  117
3.8900  117
3.8910  117
3.8920  117
3.8930  117
3.8940  117
3.8950  117
3.8960  117
3.8970  117
3.8980  117
3.8990  117
3.9000  117
3.9010  117
3.9020  117
3.9030  117
3.9040  117
3.9050  117
3.9060  117
3.9070  117
3.9080  117
3.9090  117
3.9100  117
3.9110  117
3.9120  117
3.9130  117
3.9140  118
3.9150  118
3.9160  118
3.9170  118
3.9180  118
3.9190  118
3.9200  118
3.9210  118
3.9220  118
3.9230  118
3.9240  118
3.9250  118
3.9260  118
3.9270  118
3.9280  118
3.9290  118
3.9300  118
3.9310  118
3.9320  118
3.9330  118
3.9340  118
3.9350  118
3.9360  118
3.9370  118
3.9380  118
3.9390  118
3.9400  118
3.9410  118
3.9420  118
3.9430  118
3.9440  118
3.9450  118
3.9460  118
3.9470  118
3.9480  118
3.9490  118
3.9500  118
3.9510  118
3.9520  118
3.9530  119
3.9540  119
3.9550  119
3.9560  119
3.9570  119
3.9580  119
3.9590  119
3.9600  119
3.9610  119
3.9620  119
3.9630  119
3.9640  119
3.9650  119
3.9660  119
3.9670  119
3.9680  119
3.9690  119
3.9700  119
3.9710  119
3.9720  119
3.9730  119
3.9740  119
3.9750  119
3.9760  119
3.9770  119
3.9780  119
3.9790  119
3.9800  119
3.9810  119
3.9820  119
3.9830  119
3.9840  119
3.9850  119
3.9860  119
3.9870  119
3.9880  119
3.9890  119
3.9900  120
3.9910  120
3.9920  120
3.9930  120
3.9940  120
3.9950  120
3.9960  120
3.9970  120
3.9980  120
3.9990  120
4.0000  120
4.0010  120
4.0020  120
4.0030  120
4.0040  120
4.0050  120
4.0060  120
4.0070  120
4.0080  120
4.0090  120
4.0100  120
4.0110  120
4.0120  120
4.0130  120
4.0140  120
4.0150  120
4.0160  120
4.0170  120
4.0180  120
4.0190  120
4.0200  120
4.0210  120
4.0220  120
4.0230  120
4.0240  120
4.0250  121
4.0260  121
4.0270  121
4.0280  121
4.0290  121
4.0300  121
4.0310  121
4.0320  121
4.0330  121
4.0340  121
4.0350  121
4.0360  121
4.0370  121
4.0380  121
4.0390  121
4.0400  121
4.0410  121
4.0420  121
4.0430  121
4.0440  121
4.0450  121
4.0460  121
4.0470  121
4.0480  121
4.0490  121
4.0500  121
4.0510  121
4.0520  121
4.0530  121
4.0540  121
4.0550  121
4.0560  121
4.0570  121
4.0580  121
4.0590  122
4.0600  122
4.0610  122
4.0620  122
4.0630  122
4.0640  122
4.0650  122
4.0660  122
4.0670  122
4.0680  122
4.0690  122
4.0700  122
4.0710  122
4.0720  122
4.0730  122
4.0740  122
4.0750  122
4.0760  122
4.0770  122
4.0780  122
4.0790  122
4.0800  122
4.0810  122
4.0820  122
4.0830  122
4.0840  122
4.0850  122
4.0860  122
4.0870  122
4.0880  122
4.0890  122
4.0900  122
4.0910  123
4.0920  123
4.0930  123
4.0940  123
4.0950  123
4.0960  123
4.0970  123
4.0980  123
4.0990  123
4.1000  123
4.1010  123
4.1020  123
4.1030  123
4.1040  123
4.1050  123
4.1060  123
4.1070  123
4.1080  123
4.1090  123
4.1100  123
4.1110  123
4.1120  123
4.1130  123
4.1140  123
4.1150  123
4.1160  123
4.1170  123
4.1180  123
4.1190  123
4.1200  123
4.1210  123
4.1220  124
4.1230  124
4.1240  124
4.1250  124
4.1260  124
4.1270  124
4.1280  124
4.1290  124
4.1300  124
4.1310  124
4.1320  124
4.1330  124
4.1340  124
4.1350  124
4.1360  124
4.1370  124
4.1380  124
4.1390  124
4.1400  124
4.1410  124
4.1420  124
4.1430  124
4.1440  124
4.1450  124
4.1460  124
4.1470  124
4.1480  124
4.1490  124
4.1500  124
4.1510  124
4.1520  125
4.1530  125
4.1540  125
4.1550  125
4.1560  125
4.1570  125
4.1580  125
4.1590  125
4.1600  125
4.1610  125
4.1620  125
4.1630  125
4.1640  125
4.1650  125
4.1660  125
4.1670  125
4.1680  125
4.1690  125
4.1700  125
4.1710  125
4.1720  125
4.1730  125
4.1740  125
4.1750  125
4.1760  125
4.1770  125
4.1780  125
4.1790  125
4.1800  126
4.1810  126
4.1820  126
4.1830  126
4.1840  126
4.1850  126
4.1860  126
4.1870  126
4.1880  126
4.1890  126
4.1900  126
4.1910  126
4.1920  126
4.1930  126
4.1940  126
4.1950  126
4.1960  126
4.1970  126
4.1980  126
4.1990  126
4.2000  126
4.2010  126
4.2020  126
4.2030  126
4.2040  126
4.2050  126
4.2060  126
4.2070  127
4.2080  127
4.2090  127
4.2100  127
4.2110  127
4.2120  127
4.2130  127
4.2140  127
4.2150  127
4.2160  127
4.2170  127
4.2180  127
4.2190  127
4.2200  127
4.2210  127
4.2220  127
4.2230  127
4.2240  127
4.2250  127
4.2260  127
4.2270  127
4.2280  127
4.2290  127
4.2300  127
4.2310  127
4.2320  127
4.2330  128
4.2340  128
4.2350  128
4.2360  128
4.2370  128
4.2380  128
4.2390  128
4.2400  128
4.2410  128
4.2420  128
4.2430  128
4.2440  128
4.2450  128
4.2460  128
4.2470  128
4.2480  128
4.2490  128
4.2500  128
4.2510  128
4.2520  128
4.2530  128
4.2540  128
4.2550  128
4.2560  128
4.2570  128
4.2580  129
4.2590  129
4.2600  129
4.2610  129
4.2620  129
4.2630  129
4.2640  129
4.2650  129
4.2660  129
4.2670  129
4.2680  129
4.2690  129
4.2700  129
4.2710  129
4.2720  129
4.2730  129
4.2740  129
4.2750  129
4.2760  129
4.2770  129
4.2780  129
4.2790  129
4.2800  129
4.2810  129
4.2820  130
4.2830  130
4.2840  130
4.2850  130
4.2860  130
4.2870  130
4.2880  130
4.2890  130
4.2900  130
4.2910  130
4.2920  130
4.2930  130
4.2940  130
4.2950  130
4.2960  130
4.2970  130
4.2980  130
4.2990  130
4.3000  130
4.3010  130
4.3020  130
4.3030  130
4.3040  130
4.3050  130
4.3060  131
4.3070  131
4.3080  131
4.3090  131
4.3100  131
4.3110  131
4.3120  131
4.3130  131
4.3140  131
4.3150  131
4.3160  131
4.3170  131
4.3180  131
4.3190  131
4.3200  131
4.3210  131
4.3220  131
4.3230  131
4.3240  131
4.3250  131
4.3260  131
4.3270  131
4.3280  132
4.3290  132
4.3300  132
4.3310  132
4.3320  132
4.3330  132
4.3340  132
4.3350  132
4.3360  132
4.3370  132
4.3380  132
4.3390  132
4.3400  132
4.3410  132
4.3420  132
4.3430  132
4.3440  132
4.3450  132
4.3460  132
4.3470  132
4.3480  132
4.3490  132
4.3500  133
4.3510  133
4.3520  133
4.3530  133
4.3540  133
4.3550  133
4.3560  133
4.3570  133
4.3580  133
4.3590  133
4.3600  133
4.3610  133
4.3620  133
4.3630  133
4.3640  133
4.3650  133
4.3660  133
4.3670  133
4.3680  133
4.3690  133
4.3700  133
4.3710  134
4.3720  134
4.3730  134
4.3740  134
4.3750  134
4.3760  134
4.3770  134
4.3780  134
4.3790  134
4.3800  134
4.3810  134
4.3820  134
4.3830  134
4.3840  134
4.3850  134
4.3860  134
4.3870  134
4.3880  134
4.3890  134
4.3900  135
4.3910  135
4.3920  135
4.3930  135
4.3940  135
4.3950  135
4.3960  135
4.3970  135
4.3980  135
4.3990  135
4.4000  135
4.4010  135
4.4020  135
4.4030  135
4.4040  135
4.4050  135
4.4060  135
4.4070  135
4.4080  135
4.4090  136
4.4100  136
4.4110  136
4.4120  136
4.4130  136
4.4140  136
4.4150  136
4.4160  136
4.4170  136
4.4180  136
4.4190  136
4.4200  136
4.4210  136
4.4220  136
4.4230  136
4.4240  136
4.4250  136
4.4260  136
4.4270  137
4.4280  137
4.4290  137
4.4300  137
4.4310  137
4.4320  137
4.4330  137
4.4340  137
4.4350  137
4.4360  137
4.4370  137
4.4380  137
4.4390  137
4.4400  137
4.4410  137
4.4420  137
4.4430  137
4.4440  137
4.4450  138
4.4460  138
4.4470  138
4.4480  138
4.4490  138
4.4500  138
4.4510  138
4.4520  138
4.4530  138
4.4540  138
4.4550  138
4.4560  138
4.4570  138
4.4580  138
4.4590  138
4.4600  138
4.4610  138
4.4620  139
4.4630  139
4.4640  139
4.4650  139
4.4660  139
4.4670  139
4.4680  139
4.4690  139
4.4700  139
4.4710  139
4.4720  139
4.4730  139
4.4740  139
4.4750  139
4.4760  139
4.4770  139
4.4780  140
4.4790  140
4.4800  140
4.4810  140
4.4820  140
4.4830  140
4.4840  140
4.4850  140
4.4860  140
4.4870  140
4.4880  140
4.4890  140
4.4900  140
4.4910  140
4.4920  140
4.4930  141
4.4940  141
4.4950  141
4.4960  141
4.4970  141
4.4980  141
4.4990  141
4.5000  141
4.5010  141
4.5020  141
4.5030  141
4.5040  141
4.5050  141
4.5060  141
4.5070  141
4.5080  141
4.5090  142
4.5100  142
4.5110  142
4.5120  142
4.5130  142
4.5140  142
4.5150  142
4.5160  142
4.5170  142
4.5180  142
4.5190  142
4.5200  142
4.5210  142
4.5220  142
4.5230  142
4.5240  143
4.5250  143
4.5260  143
4.5270  143
4.5280  143
4.5290  143
4.5300  143
4.5310  143
4.5320  143
4.5330  143
4.5340  143
4.5350  143
4.5360  143
4.5370  143
4.5380  144
4.5390  144
4.5400  144
4.5410  144
4.5420  144
4.5430  144
4.5440  144
4.5450  144
4.5460  144
4.5470  144
4.5480  144
4.5490  144
4.5500  144
4.5510  144
4.5520  144
4.5530  145
4.5540  145
4.5550  145
4.5560  145
4.5570  145
4.5580  145
4.5590  145
4.5600  145
4.5610  145
4.5620  145
4.5630  145
4.5640  145
4.5650  145
4.5660  145
4.5670  146
4.5680  146
4.5690  146
4.5700  146
4.5710  146
4.5720  146
4.5730  146
4.5740  146
4.5750  146
4.5760  146
4.5770  146
4.5780  146
4.5790  146
4.5800  146
4.5810  147
4.5820  147
4.5830  147
4.5840  147
4.5850  147
4.5860  147
4.5870  147
4.5880  147
4.5890  147
4.5900  147
4.5910  147
4.5920  147
4.5930  147
4.5940  147
4.5950  148
4.5960  148
4.5970  148
4.5980  148
4.5990  148
4.6000  148
4.6010  148
4.6020  148
4.6030  148
4.6040  148
4.6050  148
4.6060  148
4.6070  148
4.6080  149
4.6090  149
4.6100  149
4.6110  149
4.6120  149
4.6130  149
4.6140  149
4.6150  149
4.6160  149
4.6170  149
4.6180  149
4.6190  149
4.6200  150
4.6210  150
4.6220  150
4.6230  150
4.6240  150
4.6250  150
4.6260  150
4.6270  150
4.6280  150
4.6290  150
4.6300  150
4.6310  150
4.6320  151
4.6330  151
4.6340  151
4.6350  151
4.6360  151
4.6370  151
4.6380  151
4.6390  151
4.6400  151
4.6410  151
4.6420  151
4.6430  152
4.6440  152
4.6450  152
4.6460  152
4.6470  152
4.6480  152
4.6490  152
4.6500  152
4.6510  152
4.6520  152
4.6530  152
4.6540  153
4.6550  153
4.6560  153
4.6570  153
4.6580  153
4.6590  153
4.6600  153
4.6610  153
4.6620  153
4.6630  153
4.6640  154
4.6650  154
4.6660  154
4.6670  154
4.6680  154
4.6690  154
4.6700  154
4.6710  154
4.6720  154
4.6730  155
4.6740  155
4.6750  155
4.6760  155
4.6770  155
4.6780  155
4.6790  155
4.6800  155
4.6810  155
4.6820  156
4.6830  156
4.6840  156
4.6850  156
4.6860  156
4.6870  156
4.6880  156
4.6890  156
4.6900  157
4.6910  157
4.6920  157
4.6930  157
4.6940  157
4.6950  157
4.6960  157
4.6970  158
4.6980  158
4.6990  158
4.7000  158
4.7010  158
4.7020  158
4.7030  158
4.7040  158
4.7050  159
4.7060  159
4.7070  159
4.7080  159
4.7090  159
4.7100  159
4.7110  159
4.7120  160
4.7130  160
4.7140  160
4.7150  160
4.7160  160
4.7170  160
4.7180  161
4.7190  161
4.7200  161
4.7210  161
4.7220  161
4.7230  161
4.7240  161
4.7250  162
4.7260  162
4.7270  162
4.7280  162
4.7290  162
4.7300  163
4.7310  163
4.7320  163
4.7330  163
4.7340  163
4.7350  163
4.7360  164
4.7370  164
4.7380  164
4.7390  164
4.7400  164
4.7410  165
4.7420  165
4.7430  165
4.7440  165
4.7450  165
4.7460  166
4.7470  166
4.7480  166
4.7490  166
4.7500  166
4.7510  167
4.7520  167
4.7530  167
4.7540  255
4.7550  168
4.7560  168
4.7570  168
4.7580  168
4.7590  169
4.7600  169
4.7610  169
4.7620  169
4.7630  170
4.7640  170
4.7650  170
4.7660  170
4.7670  171
4.7680  171
4.7690  171
4.7700  172
4.7710  172
4.7720  172
4.7730  173
4.7740  173
4.7750  173
4.7760  174
4.7770  174
4.7780  174
4.7790  175
4.7800  175
4.7810  175
4.7820  176
4.7830  176
4.7840  176
4.7850  177
4.7860  177
4.7870  178
4.7880  178
4.7890  178
4.7900  179
4.7910  179
4.7920  179
4.7930  180
4.7940  180
4.7950  181
4.7960  181
4.7970  181
4.7980  182
4.7990  182
4.8000  183
4.8010  183
4.8020  183
4.8030  184
4.8040  184
4.8050  185
4.8060  186
4.8070  186
4.8080  187
4.8090  189
4.8100  190
4.8110  191
4.8120  192
4.8130  193
4.8140  194
4.8150  194
4.8160  195
4.8170  195
4.8180  196
4.8190  196
4.8200  197
4.8210  197
4.8220  198
4.8230  198
4.8240  199
4.8250  199
4.8260  199
4.8270  200
4.8280  200
4.8290  201
4.8300  201
4.8310  202
4.8320  216
4.8330  204
4.8340  213
4.8350  211
4.8360  211
4.8370  211
4.8380  211
4.8390  211
4.8400  211
4.8410  211
4.8420  211
4.8430  211
4.8440  211
4.8450  211
4.8460  211
4.8470  211
4.8480  211
4.8490  211
4.8500  211
4.8510  211
4.8520  211
4.8530  211
4.8540  211
4.8550  211
4.8560  211
4.8570  211
4.8580  211
4.8590  211
4.8600  211
4.8610  211
4.8620  211
4.8630  211
4.8640  211
4.8650  211
4.8660  211
4.8670  211
4.8680  211
4.8690  211
4.8700  211
4.8710  211
4.8720  211
4.8730  211
4.8740  211
4.8750  211
4.8760  211
4.8770  211
4.8780  211
4.8790  211
4.8800  211
4.8810  211
4.8820  211
4.8830  211
4.8840  211
4.8850  211
4.8860  211
4.8870  211
4.8880  211
4.8890  211
4.8900  211
4.8910  211
4.8920  211
4.8930  211
4.8940  211
4.8950  211
4.8960  211
4.8970  211
4.8980  211
4.8990  211
4.9000  211
4.9010  211
4.9020  211
4.9030  211
4.9040  211
4.9050  211
4.9060  211
4.9070  211
4.9080  211
4.9090  211
4.9100  211
4.9110  211
4.9120  211
4.9130  211
4.9140  211
4.9150  211
4.9160  211
4.9170  211
4.9180  211
4.9190  211
4.9200  211
4.9210  211
4.9220  211
4.9230  211
4.9240  211
4.9250  211
4.9260  211
4.9270  211
4.9280  211
4.9290  211
4.9300  211
4.9310  211
4.9320  211
4.9330  211
4.9340  211
4.9350  211
4.9360  211
4.9370  211
4.9380  211
4.9390  211
4.9400  211
4.9410  211
4.9420  211
4.9430  211
4.9440  211
4.9450  211
4.9460  211
4.9470  211
4.9480  211
4.9490  211
4.9500  211
4.9510  211
4.9520  211
4.9530  211
4.9540  211
4.9550  211
4.9560  211
4.9570  211
4.9580  211
4.9590  211
4.9600  211
4.9610  211
4.9620  211
4.9630  211
4.9640  211
4.9650  211
4.9660  211
4.9670  211
4.9680  211
4.9690  211
4.9700  211
4.9710  211
4.9720  211
4.9730  211
4.9740  211
4.9750  211
4.9760  211
4.9770  211
4.9780  211
4.9790  211
4.9800  211
4.9810  211
4.9820  211
4.9830  211
4.9840  211
4.9850  211
4.9860  211
4.9870  211
4.9880  211
4.9890  211
4.9900  211
4.9910  211
4.9920  211
4.9930  211
4.9940  211
4.9950  211
4.9960  211
4.9970  211
4.9980  211
4.9990  211
5.0000  211
5.0010  211
5.0020  211
5.0030  211
5.0040  211
5.0050  211
5.0060  211
5.0070  211
5.0080  211
5.0090  211
5.0100  211
5.0110  211
5.0120  211
5.0130  211
5.0140  211
5.0150  211
5.0160  211
5.0170  211
5.0180  211
5.0190  211
5.0200  211
5.0210  211
5.0220  211
5.0230  211
5.0240  211
5.0250  211
5.0260  211
5.0270  211
5.0280  211
5.0290  211
5.0300  211
5.0310  211
5.0320  211
5.0330  211
5.0340  211
5.0350  211
5.0360  211
5.0370  211
5.0380  211
5.0390  211
5.0400  211
5.0410  211
5.0420  211
5.0430  211
5.0440  211
5.0450  211
5.0460  211
5.0470  211
5.0480  211
5.0490  211
5.0500  211
5.0510  211
5.0520  211
5.0530  211
5.0540  211
5.0550  211
5.0560  211
5.0570  211
5.0580  211
5.0590  211
5.0600  211
5.0610  211
5.0620  211
5.0630  211
5.0640  211
5.0650  211
5.0660  211
5.0670  211
5.0680  211
5.0690  211
5.0700  211
5.0710  211
5.0720  211
5.0730  211
5.0740  211
5.0750  211
5.0760  211
5.0770  211
5.0780  211
5.0790  211
5.0800  211
5.0810  211
5.0820  211
5.0830  211
5.0840  211
5.0850  211
5.0860  211
5.0870  211
5.0880  211
5.0890  211
5.0900  211
5.0910  211
5.0920  211
5.0930  211
5.0940  211
5.0950  211
5.0960  211
5.0970  211
5.0980  211
5.0990  211
5.1000  211
5.1010  211
5.1020  211
5.1030  211
5.1040  211
5.1050  211
5.1060  211
5.1070  211
5.1080  211
5.1090  211
5.1100  211
5.1110  211
5.1120  211
5.1130  211
5.1140  211
5.1150  211
5.1160  211
5.1170  211
5.1180  211
5.1190  211
5.1200  211
5.1210  211
5.1220  211
5.1230  211
5.1240  211
5.1250  211
5.1260  211
5.1270  211
5.1280  211
5.1290  211
5.1300  211
5.1310  211
5.1320  211
5.1330  211
5.1340  211
5.1350  211
5.1360  211
5.1370  211
5.1380  211
5.1390  211
5.1400  211
5.1410  211
5.1420  211
5.1430  211
5.1440  211
5.1450  211
5.1460  211
5.1470  211
5.1480  211
5.1490  211
5.1500  211
5.1510  211
5.1520  211
5.1530  211
5.1540  211
5.1550  211
5.1560  211
5.1570  211
5.1580  211
5.1590  211
5.1600  211
5.1610  211
5.1620  211
5.1630  211
5.1640  211
5.1650  211
5.1660  211
5.1670  211
5.1680  211
5.1690  211
5.1700  211
5.1710  211
5.1720  211
5.1730  211
5.1740  211
5.1750  211
5.1760  211
5.1770  211
5.1780  211
5.1790  211
5.1800  211
5.1810  211
5.1820  211
5.1830  211
5.1840  211
5.1850  211
5.1860  211
5.1870  211
5.1880  211
5.1890  211
5.1900  211
5.1910  211
5.1920  211
5.1930  211
5.1940  211
5.1950  211
5.1960  211
5.1970  211
5.1980  211
5.1990  211
5.2000  211
5.2010  211
5.2020  211
5.2030  211
5.2040  211
5.2050  211
5.2060  211
5.2070  211
5.2080  211
5.2090  211
5.2100  211
5.2110  211
5.2120  211
5.2130  211
5.2140  211
5.2150  211
5.2160  211
5.2170  211
5.2180  211
5.2190  211
5.2200  211
5.2210  211
5.2220  211
5.2230  211
5.2240  211
5.2250  211
5.2260  211
5.2270  211
5.2280  211
5.2290  211
5.2300  211
5.2310  211
5.2320  211
5.2330  211
5.2340  211
5.2350  211
5.2360  211
5.2370  211
5.2380  211
5.2390  211
5.2400  211
5.2410  211
5.2420  211
5.2430  211
5.2440  211
5.2450  211
5.2460  211
5.2470  211
5.2480  211
5.2490  211
5.2500  211
5.2510  211
5.2520  211
5.2530  211
5.2540  211
5.2550  211
5.2560  211
5.2570  211
5.2580  211
5.2590  211
5.2600  211
5.2610  211
5.2620  211
5.2630  211
5.2640  211
5.2650  211
5.2660  211
5.2670  211
5.2680  211
5.2690  211
5.2700  211
5.2710  211
5.2720  211
5.2730  211
5.2740  211
5.2750  211
5.2760  211
5.2770  211
5.2780  211
5.2790  211
5.2800  211
5.2810  211
5.2820  211
5.2830  211
5.2840  211
5.2850  211
5.2860  211
5.2870  211
5.2880  211
5.2890  211
5.2900  211
5.2910  211
5.2920  211
5.2930  211
5.2940  211
5.2950  211
5.2960  211
5.2970  211
5.2980  211
5.2990  211
5.3000  211
5.3010  211
5.3020  211
5.3030  211
5.3040  211
5.3050  211
5.3060  211
5.3070  211
5.3080  211
5.3090  211
5.3100  211
5.3110  211
5.3120  211
5.3130  211
5.3140  211
5.3150  211
5.3160  211
5.3170  211
5.3180  211
5.3190  211
5.3200  211
5.3210  211
5.3220  211
5.3230  211
5.3240  211
5.3250  211
5.3260  211
5.3270  211
5.3280  211
5.3290  211
5.3300  211
5.3310  211
5.3320  211
5.3330  211
5.3340  211
5.3350  211
5.3360  211
5.3370  211
5.3380  211
5.3390  211
5.3400  211
5.3410  211
5.3420  211
5.3430  211
5.3440  211
5.3450  211
5.3460  211
5.3470  211
5.3480  211
5.3490  211
5.3500  211
5.3510  211
5.3520  211
5.3530  211
5.3540  211
5.3550  211
5.3560  211
5.3570  211
5.3580  211
5.3590  211
5.3600  211
5.3610  211
5.3620  211
5.3630  211
5.3640  211
5.3650  211
5.3660  211
5.3670  211
5.3680  211
5.3690  211
5.3700  211
5.3710  211
5.3720  211
5.3730  211
5.3740  211
5.3750  211
5.3760  211
5.3770  211
5.3780  211
5.3790  211
5.3800  211
5.3810  211
5.3820  211
5.3830  211
5.3840  211
5.3850  211
5.3860  211
5.3870  211
5.3880  211
5.3890  211
5.3900  211
5.3910  211
5.3920  211
5.3930  211
5.3940  211
5.3950  211
5.3960  211
5.3970  211
5.3980  211
5.3990  211
5.4000  211
5.4010  211
5.4020  211
5.4030  211
5.4040  211
5.4050  211
5.4060  211
5.4070  211
5.4080  211
5.4090  211
5.4100  211
5.4110  211
5.4120  211
5.4130  211
5.4140  211
5.4150  211
5.4160  211
5.4170  211
5.4180  211
5.4190  211
5.4200  211
5.4210  211
5.4220  211
5.4230  211
5.4240  211
5.4250  211
5.4260  211
5.4270  211
5.4280  211
5.4290  211
5.4300  211
5.4310  211
5.4320  211
5.4330  211
5.4340  211
5.4350  211
5.4360  211
5.4370  211
5.4380  211
5.4390  211
5.4400  211
5.4410  211
5.4420  211
5.4430  211
5.4440  211
5.4450  211
5.4460  211
5.4470  211
5.4480  211
5.4490  211
5.4500  211
5.4510  211
5.4520  211
5.4530  211
5.4540  211
5.4550  211
5.4560  211
5.4570  211
5.4580  211
5.4590  211
5.4600  211
5.4610  211
5.4620  211
5.4630  211
5.4640  211
5.4650  211
5.4660  211
5.4670  211
5.4680  211
5.4690  211
5.4700  211
5.4710  211
5.4720  211
5.4730  211
5.4740  211
5.4750  211
5.4760  211
5.4770  211
5.4780  211
5.4790  211
5.4800  211
5.4810  211
5.4820  211
5.4830  211
5.4840  211
5.4850  211
5.4860  211
5.4870  211
5.4880  211
5.4890  211
5.4900  211
5.4910  211
5.4920  211
5.4930  211
5.4940  211
5.4950  211
5.4960  211
5.4970  211
5.4980  211
5.4990  211
5.5000  211
5.5010  211
5.5020  211
5.5030  211
5.5040  211
5.5050  211
5.5060  211
5.5070  211
5.5080  211
5.5090  211
5.5100  211
5.5110  211
5.5120  211
5.5130  211
5.5140  211
5.5150  211
5.5160  211
5.5170  211
5.5180  211
5.5190  211
5.5200  211
5.5210  211
5.5220  211
5.5230  211
5.5240  211
5.5250  211
5.5260  211
5.5270  211
5.5280  211
5.5290  211
5.5300  211
5.5310  211
5.5320  211
5.5330  211
5.5340  211
5.5350  211
5.5360  211
5.5370  211
5.5380  211
5.5390  211
5.5400  211
5.5410  211
5.5420  211
5.5430  211
5.5440  211
5.5450  211
5.5460  211
5.5470  211
5.5480  211
5.5490  211
5.5500  211
5.5510  211
5.5520  211
5.5530  211
5.5540  211
5.5550  211
5.5560  211
5.5570  211
5.5580  211
5.5590  211
5.5600  211
5.5610    0
5.5620    0
5.5630    0
5.5640    0
5.5650    0
5.5660    0
5.5670    0
5.5680    0
5.5690    0
5.5700    0
5.5710    0
5.5720    0
5.5730    0
5.5740    0
5.5750    0
5.5760    0
5.5770    0
5.5780    0
5.5790    0
5.5800    0
5.5810    0
5.5820    0
5.5830    0
5.5840    0
5.5850    0
5.5860    0
5.5870    0
5.5880    0
5.5890    0
5.5900    0
5.5910    0
5.5920    0
5.5930    0
5.5940    0
5.5950    0
5.5960    0
5.5970    0
5.5980    0
5.5990    0
5.6000    0
5.6010    0
5.6020    0
5.6030    0
5.6040    0
5.6050    0
5.6060    0
5.6070    0
5.6080    0
5.6090    0
5.6100    0
5.6110    0
5.6120    0
5.6130    0
5.6140    0
5.6150    0
5.6160    0
5.6170    0
5.6180    0
5.6190    0
5.6200    0
5.6210    0
5.6220    0
5.6230    0
5.6240    0
5.6250    0
5.6260    0
5.6270    0
5.6280    0
5.6290    0
5.6300    0
5.6310    0
5.6320    0
5.6330    0
5.6340    0
5.6350    0
5.6360    0
5.6370    0
5.6380    0
5.6390    0
5.6400    0
5.6410    0
5.6420    0
5.6430    0
5.6440    0
5.6450    0
5.6460    0
5.6470    0
5.6480    0
5.6490    0
5.6500    0
5.6510    0
5.6520    0
5.6530    0
5.6540    0
5.6550    0
5.6560    0
5.6570    0
5.6580    0
5.6590    0
5.6600    0
5.6610    0
5.6620    0
5.6630    0
5.6640    0
5.6650    0
5.6660    0
5.6670    0
5.6680    0
5.6690    0
5.6700    0
5.6710    0
5.6720    0
5.6730    0
5.6740    0
5.6750    0
5.6760    0
5.6770    0
5.6780    0
5.6790    0
5.6800    0
5.6810    0
5.6820    0
5.6830    0
5.6840    0
5.6850    0
5.6860    0
5.6870    0
5.6880    0
5.6890    0
5.6900    0
5.6910    0
5.6920    0
5.6930    0
5.6940    0
5.6950    0
5.6960    0
5.6970    0
5.6980    0
5.6990    0
5.7000    0
5.7010    0
5.7020    0
5.7030    0
5.7040    0
5.7050    0
5.7060    0
5.7070    0
5.7080    0
5.7090    0
5.7100    0
5.7110    0
5.7120    0
5.7130    0
5.7140    0
5.7150    0
5.7160    0
5.7170    0
5.7180    0
5.7190    0
5.7200    0
5.7210    0
5.7220    0
5.7230    0
5.7240    0
5.7250    0
5.7260    0
5.7270    0
5.7280    0
5.7290    0
5.7300    0
5.7310    0
5.7320    0
5.7330    0
5.7340    0
5.7350    0
5.7360    0
5.7370    0
5.7380    0
5.7390    0
5.7400    0
5.7410    0
5.7420    0
5.7430    0
5.7440    0
5.7450    0
5.7460    0
5.7470    0
5.7480    0
5.7490    0
5.7500    0
5.7510    0
5.7520    0
5.7530    0
5.7540    0
5.7550    0
5.7560    0
5.7570    0
5.7580    0
5.7590    0
5.7600    0
5.7610    0
5.7620    0
5.7630    0
5.7640    0
5.7650    0
5.7660    0
5.7670    0
5.7680    0
5.7690    0
5.7700    0
5.7710    0
5.7720    0
5.7730    0
5.7740    0
5.7750    0
5.7760    0
5.7770    0
5.7780    0
5.7790    0
5.7800    0
5.7810    0
5.7820    0
5.7830    0
5.7840    0
5.7850    0
5.7860    0
5.7870    0
5.7880    0
5.7890    0
5.7900    0
5.7910    0
5.7920    0
5.7930    0
5.7940    0
5.7950    0
5.7960    0
5.7970    0
5.7980    0
5.7990    0
5.8000    0
5.8010    0
5.8020    0
5.8030    0
5.8040    0
5.8050    0
5.8060    0
5.8070    0
5.8080    0
5.8090    0
5.8100    0
5.8110    0
5.8120    0
5.8130    0
5.8140    0
5.8150    0
5.8160    0
5.8170    0
5.8180    0
5.8190    0
5.8200    0
5.8210    0
5.8220    0
5.8230    0
5.8240    0
5.8250    0
5.8260    0
5.8270    0
5.8280    0
5.8290    0
5.8300    0
5.8310    0
5.8320    0
5.8330    0
5.8340    0
5.8350    0
5.8360    0
5.8370    0
5.8380    0
5.8390    0
5.8400    0
5.8410    0
5.8420    0
5.8430    0
5.8440    0
5.8450    0
5.8460    0
5.8470    0
5.8480    0
5.8490    0
5.8500    0
5.8510    0
5.8520    0
5.8530    0
5.8540    0
5.8550    0
5.8560    0
5.8570    0
5.8580    0
5.8590    0
5.8600    0
5.8610    0
5.8620    0
5.8630    0
5.8640    0
5.8650    0
5.8660    0
5.8670    0
5.8680    0
5.8690    0
5.8700    0
5.8710    0
5.8720    0
5.8730    0
5.8740    0
5.8750    0
5.8760    0
5.8770    0
5.8780    0
5.8790    0
5.8800    0
5.8810    0
5.8820    0
5.8830    0
5.8840    0
5.8850    0
5.8860    0
5.8870    0
5.8880    0
5.8890    0
5.8900    0
5.8910    0
5.8920    0
5.8930    0
5.8940    0
5.8950    0
5.8960    0
5.8970    0
5.8980    0
5.8990    0
5.9000    0
5.9010    0
5.9020    0
5.9030    0
5.9040    0
5.9050    0
5.9060    0
5.9070    0
5.9080    0
5.9090    0
5.9100    0
5.9110    0
5.9120    0
5.9130    0
5.9140    0
5.9150    0
5.9160    0
5.9170    0
5.9180    0
5.9190    0
5.9200    0
5.9210    0
5.9220    0
5.9230    0
5.9240    0
5.9250    0
5.9260    0
5.9270    0
5.9280    0
5.9290    0
5.9300    0
5.9310    0
5.9320    0
5.9330    0
5.9340    0
5.9350    0
5.9360    0
5.9370    0
5.9380    0
5.9390    0
5.9400    0
5.9410    0
5.9420    0
5.9430    0
5.9440    0
5.9450    0
5.9460    0
5.9470    0
5.9480    0
5.9490    0
5.9500    0
5.9510    0
5.9520    0
5.9530    0
5.9540    0
5.9550    0
5.9560    0
5.9570    0
5.9580    0
5.9590    0
5.9600    0
5.9610    0
5.9620    0
5.9630    0
5.9640    0
5.9650    0
5.9660    0
5.9670    0
5.9680    0
5.9690    0
5.9700    0
5.9710    0
5.9720    0
5.9730    0
5.9740    0
5.9750    0
5.9760    0
5.9770    0
5.9780    0
5.9790    0
5.9800    0
5.9810    0
5.9820    0
5.9830    0
5.9840    0
5.9850    0
5.9860    0
5.9870    0
5.9880    0
5.9890    0
5.9900    0
5.9910    0
5.9920    0
5.9930    0
5.9940    0
5.9950    0
5.9960    0
5.9970    0
5.9980    0
5.9990    0
6.0000    0
6.0010    0
6.0020    0
6.0030    0
6.0040    0
6.0050    0
6.0060    0
6.0070    0
6.0080    0
6.0090    0
6.0100    0
6.0110    0
6.0120    0
6.0130    0
6.0140    0
6.0150    0
6.0160    0
6.0170    0
6.0180    0
6.0190    0
6.0200    0
6.0210    0
6.0220    0
6.0230    0
6.0240    0
6.0250    0
6.0260    0
6.0270    0
6.0280    0
6.0290    0
6.0300    0
6.0310    0
6.0320    0
6.0330    0
6.0340    0
6.0350    0
6.0360    0
6.0370    0
6.0380    0
6.0390    0
6.0400    0
6.0410    0
6.0420    0
6.0430    0
6.0440    0
6.0450    0
6.0460    0
6.0470    0
6.0480    0
6.0490    0
6.0500    0
6.0510    0
6.0520    0
6.0530    0
6.0540    0
6.0550    0
6.0560    0
6.0570    0
6.0580    0
6.0590    0
6.0600    0
6.0610    0
6.0620    0
6.0630    0
6.0640    0
6.0650    0
6.0660    0
6.0670    0
6.0680    0
6.0690    0
6.0700    0
6.0710    0
6.0720    0
6.0730    0
6.0740    0
6.0750    0
6.0760    0
6.0770    0
6.0780    0
6.0790    0
6.0800    0
6.0810    0
6.0820    0
6.0830    0
6.0840    0
6.0850    0
6.0860    0
6.0870    0
6.0880    0
6.0890    0
6.0900    0
6.0910    0
6.0920    0
6.0930    0
6.0940    0
6.0950    0
6.0960    0
6.0970    0
6.0980    0
6.0990    0
6.1000    0
6.1010    0
6.1020    0
6.1030    0
6.1040    0
6.1050    0
6.1060    0
6.1070    0
6.1080    0
6.1090    0
6.1100    0
6.1110    0
6.1120    0
6.1130    0
6.1140    0
6.1150    0
6.1160    0
6.1170    0
6.1180    0
6.1190    0
6.1200    0
6.1210    0
6.1220    0
6.1230    0
6.1240    0
6.1250    0
6.1260    0
6.1270    0
6.1280    0
6.1290    0
6.1300    0
6.1310    0
6.1320    0
6.1330    0
6.1340    0
6.1350    0
6.1360    0
6.1370    0
6.1380    0
6.1390    0
6.1400    0
6.1410    0
6.1420    0
6.1430    0
6.1440    0
6.1450    0
6.1460    0
6.1470    0
6.1480    0
6.1490    0
6.1500    0
6.1510    0
6.1520    0
6.1530    0
6.1540    0
6.1550    0
6.1560    0
6.1570    0
6.1580    0
6.1590    0
6.1600    0
6.1610    0
6.1620    0
6.1630    0
6.1640    0
6.1650    0
6.1660    0
6.1670    0
6.1680    0
6.1690    0
6.1700    0
6.1710    0
6.1720    0
6.1730    0
6.1740    0
6.1750    0
6.1760    0
6.1770    0
6.1780    0
6.1790    0
6.1800    0
6.1810    0
6.1820    0
6.1830    0
6.1840    0
6.1850    0
6.1860    0
6.1870    0
6.1880    0
6.1890    0
6.1900    0
6.1910    0
6.1920    0
6.1930    0
6.1940    0
6.1950    0
6.1960    0
6.1970    0
6.1980    0
6.1990    0
6.2000    0
6.2010    0
6.2020    0
6.2030    0
6.2040    0
6.2050    0
6.2060    0
6.2070    0
6.2080    0
6.2090    0
6.2100    0
6.2110    0
6.2120    0
6.2130    0
6.2140    0
6.2150    0
6.2160    0
6.2170    0
6.2180    0
6.2190    0
6.2200    0
6.2210    0
6.2220    0
6.2230    0
6.2240    0
6.2250    0
6.2260    0
6.2270    0
6.2280    0
6.2290    0
6.2300    0
6.2310    0
6.2320    0
6.2330    0
6.2340    0
6.2350    0
6.2360    0
6.2370    0
6.2380    0
6.2390    0
6.2400    0
6.2410    0
6.2420    0
6.2430    0
6.2440    0
6.2450    0
6.2460    0
6.2470    0
6.2480    0
6.2490    0
6.2500    0
6.2510    0
6.2520    0
6.2530    0
6.2540    0
6.2550    0
6.2560    0
6.2570    0
6.2580    0
6.2590    0
6.2600    0
6.2610    0
6.2620    0
6.2630    0
6.2640    0
6.2650    0
6.2660    0
6.2670    0
6.2680    0
6.2690    0
6.2700    0
6.2710    0
6.2720    0
6.2730    0
6.2740    0
6.2750    0
6.2760    0
6.2770    0
6.2780    0
6.2790    0
6.2800    0
6.2810    0
6.2820    0
6.2830    0
6.2840    0
