0.99571951544079307000   1
1.00000000000000000000   2
0.99978714274321812000   3
0.99472302968564730000   4
0.99657687519972482000   5
0.99635258256188375000   6
0.99829644242063797000   7
0.99889380856241883000   8
0.99848458583745914000   9
0.99593675990967834000  10
0.99253524644751800000  11
0.99298117930492769000  12
0.99476027834226866000  13
0.99574240718771834000  14
0.99817527119021399000  15
0.99588096482216271000  16
0.99649043262706993000  17
0.99017307157516543000  18
0.99055791369363100000  19
0.99187848540078360000  20
0.99512385014554239000  21
0.99443216083244146000  22
0.99191490323726716000  23
0.98906535802908468000  24
0.98763486658062383000  25
0.98668419231519611000  26
0.99048853796669611000  27
0.98987336633417988000  28
0.98955076215089766000  29
0.98902448754621075000  30
0.98521169679710163000  31
0.98336801581298605000  32
0.98134881627614134000  33
0.98040507910760233000  34
0.98269897008346918000  35
0.98199025100773352000  36
0.98118311259363389000  37
0.98070998255168085000  38
0.97942742242333958000  39
0.97813492725641993000  40
0.97456459911325410000  41
0.97023587001356637000  42
0.96970207646941076000  43
0.96787928330900586000  44
0.96627534428867812000  45
0.96486113433014753000  46
0.96331945098891658000  47
0.96124925075426693000  48
0.96087190663686028000  49
0.95890632204538895000  50
0.95745275078406167000  51
0.95514911967313465000  52
0.95361580735019147000  53
0.95342440495468250000  54
0.95117234497265923000  55
0.94910124349853575000  56
0.94464976307163673000  57
0.94215635917692575000  58
0.93937147998912762000  59
0.93608965890407658000  60
0.93362469546859495000  61
0.93038539256149422000  62
0.92741448736977505000  63
0.92507940937049871000  64
0.92087593414665514000  65
0.91839715025939073000  66
0.91506819920451621000  67
0.91053241923853634000  68
0.90700459710059012000  69
0.90138815562687524000  70
0.89796631334271038000  71
0.89427859312262992000  72
0.89015379573883957000  73
0.88419114205797644000  74
0.87799916826094193000  75
0.87323850985871676000  76
0.86938035324512664000  77
0.86159394436734715000  78
0.85485926798446221000  79
0.85134684441412134000  80
0.84449741643019260000  81
0.83800426686198848000  82
0.82793911981145141000  83
0.82284290125738024000  84
0.81389241571782156000  85
0.80875255090787390000  86
0.79896001774716863000  87
0.79130326861700562000  88
0.78425728815677986000  89
0.77503858418986860000  90
0.76902623793386216000  91
0.75699865945000666000  92
0.74916181455207287000  93
0.74217206153083781000  94
0.73189285349607136000  95
0.72124861194313328000  96
0.71030114920737908000  97
0.70166489488690498000  98
0.69266346733778295000  99
0.68219163518025117000 100
0.67137668229632008000 101
0.66034761853067725000 102
0.64807960484119065000 103
0.64034652960469540000 104
0.63156186582464535000 105
0.62179001833524628000 106
0.61067061425107361000 107
0.59951729567323087000 108
0.58853066204638160000 109
0.57821902423034732000 110
0.56748219182376802000 111
0.55728237774969358000 112
0.54670366856944430000 113
0.53578630555431705000 114
0.52381245381959807000 115
0.51709171670341625000 116
0.50889460082353666000 117
0.50024305702036875000 118
0.49166304317940096000 119
0.48308715627841220000 120
0.47432885400187058000 121
0.46532852555718246000 122
0.45708367640401432000 123
0.44866477663793941000 124
0.44012109248175280000 125
0.43138094894379786000 126
0.42360522482934732000 127
0.41736506735661150000 128
0.41146068331985608000 129
0.40596285964816509000 130
0.40023329374337574000 131
0.39486005658236784000 132
0.38960874723619204000 133
0.38452058492872099000 134
0.37936241198278742000 135
0.37459564729093853000 136
0.36968328248295340000 137
0.36549730706060946000 138
0.36206642326184402000 139
0.35914495554495157000 140
0.35572007017116930000 141
0.35317053651623259000 142
0.35069344816123532000 143
0.34768669772751370000 144
0.34465435781389353000 145
0.34218043918353419000 146
0.33906118680647557000 147
0.33584924658704640000 148
0.33229224622347192000 149
0.33033174809776378000 150
0.33062478560789932000 151
0.33121671721221663000 152
0.32716693821951948000 153
0.32680495177820590000 154
0.32273531860130317000 155
0.32155484607046031000 156
0.32362000123559165000 157
0.31985881634929997000 158
0.32079613830813686000 159
0.31775253228098188000 160
0.31492228594183497000 161
0.31549346748698492000 162
0.31733696449210308000 163
0.31656467186271603000 164
0.31427592949427496000 165
0.31286694634538859000 166
0.31231602082306775000 167
0.31223196383451729000 168
0.31113612836006777000 169
0.31074388737687114000 170
0.31126340731302149000 171
0.31287371322189772000 172
0.31133830611207236000 173
0.30937311175804877000 174
0.30707733128410925000 175
0.30788573009838510000 176
0.30795957901866633000 177
0.30800776733821122000 178
0.30733712432774596000 179
0.30746765484046962000 180
0.30674015583444647000 181
0.30624589177465777000 182
0.30631567194128118000 183
0.31099861073348573000 184
0.31125351705769516000 185
0.29584525550366902000 186
0.29354604665488299000 187
0.29161318469919528000 188
0.29165894264482445000 189
0.29248937770713929000 190
0.29313807705468287000 191
0.29320268549365552000 192
0.29349685496028083000 193
0.29453313820547333000 194
0.29784438536012015000 195
0.29818738292952501000 196
0.29633494018110973000 197
0.29447508793105059000 198
0.29292912550397332000 199
0.29518118992422232000 200
0.29455462419530815000 201
0.29390365671427260000 202
0.29351027659177098000 203
0.29329284317631144000 204
0.29360132405177264000 205
0.29370533014994576000 206
0.29386177471440522000 207
0.29401997109819994000 208
0.29381025283353374000 209
0.29344283416596517000 210
0.29370290915705127000 211
0.29287122309239927000 212
0.29280572467136262000 213
0.29279493705076209000 214
0.29329122527896856000 215
0.29370978832204575000 216
0.29402766449746581000 217
0.28678623392823827000 218
0.28414793475837596000 219
0.28698871064404669000 220
0.29074652796688533000 221
0.29138720794293815000 222
0.29288050793135040000 223
0.29205351710860383000 224
0.29437678228663250000 225
0.29665366122284764000 226
0.29606872681746171000 227
0.29641978337512598000 228
0.29664196842251961000 229
0.29793652883534638000 230
0.29673266051915714000 231
0.29599559120564223000 232
0.29633040204241784000 233
0.29569409434768357000 234
0.29653135636046135000 235
0.29612078748728887000 236
0.29628450394516731000 237
0.29767179350189460000 238
0.29826999824995837000 239
0.29792062429671340000 240
0.29764747041199646000 241
0.29742827570712221000 242
0.29454416023916419000 243
0.29002875249232618000 244
0.29121867443461608000 245
0.28612586837603005000 246
0.28810102196710335000 247
0.30133484400629901000 248
0.30190033438025182000 249
0.30275068002300370000 250
0.30360252093409679000 251
0.30421683152459467000 252
0.29721521913622823000 253
0.29607668951435512000 254
0.30237005223332608000 255
0.30251696799964889000 256
