0.99678403784280045000   1
1.00000000000000000000   2
0.99964108420505449000   3
0.99876610558184653000   4
0.99732613240165080000   5
0.99556179064109740000   6
0.99062840745053382000   7
0.98947616914804171000   8
0.98875289260266630000   9
0.98919046881211747000  10
0.98820971619093778000  11
0.99141689484345674000  12
0.98998288872704943000  13
0.98550401393805231000  14
0.98566878251392431000  15
0.98413929131736488000  16
0.98540277829339973000  17
0.98704708525521234000  18
0.98553834575200716000  19
0.98355633620325877000  20
0.98036055349435403000  21
0.98236040374016997000  22
0.98170411644932365000  23
0.97890799228195913000  24
0.97762026309113403000  25
0.97775208056404628000  26
0.97670007669139769000  27
0.97398261492621674000  28
0.97411834896203853000  29
0.97245749702317308000  30
0.97105310982746673000  31
0.96948813825112723000  32
0.96815433781877702000  33
0.96496737865881232000  34
0.96343600303561494000  35
0.96161504759702898000  36
0.96217828962722618000  37
0.95976876364865360000  38
0.95772308605081236000  39
0.95283583456693977000  40
0.95283697236662679000  41
0.95189853479505659000  42
0.94733162732664455000  43
0.94743539963632872000  44
0.94384576150376098000  45
0.94233952724174208000  46
0.93873984819598066000  47
0.93889434573304809000  48
0.93762484970898974000  49
0.93225072546905285000  50
0.93342908066028429000  51
0.92911247672232278000  52
0.92787656466771118000  53
0.92547650442595919000  54
0.92037924660974790000  55
0.91688462880377919000  56
0.91804028348099209000  57
0.91376379032991406000  58
0.90628565009979289000  59
0.90636265578321340000  60
0.90311428439994024000  61
0.90022640199611925000  62
0.89910153091304257000  63
0.89654287055253690000  64
0.89364626636865885000  65
0.89064186666500589000  66
0.88346058804429362000  67
0.88289976828956540000  68
0.87848062662186222000  69
0.87300081025112342000  70
0.87058822168616279000  71
0.86151320432897271000  72
0.85614413139049206000  73
0.85427475803433928000  74
0.84836423536400163000  75
0.84522301073226924000  76
0.84380326460340394000  77
0.84033688633733616000  78
0.83410152783571567000  79
0.83063357744228916000  80
0.82300578381030509000  81
0.81535807170658314000  82
0.80975655347628728000  83
0.80585512079171528000  84
0.80133174599143864000  85
0.79880315369688826000  86
0.79082098371788079000  87
0.78608770207127610000  88
0.77996044069777148000  89
0.77370530820601957000  90
0.76902206555829533000  91
0.76268290337435729000  92
0.75721369780923642000  93
0.74732413436959233000  94
0.74422738506989738000  95
0.73461799946080908000  96
0.73055590704249918000  97
0.72119210514744769000  98
0.71373768440323826000  99
0.70888755647081236000 100
0.70319612896132355000 101
0.69560991404773320000 102
0.68994413607794436000 103
0.67966293457005422000 104
0.67227222201846271000 105
0.66730835666362442000 106
0.65917197262593530000 107
0.65036754475046776000 108
0.64468510542003332000 109
0.63530153147130153000 110
0.62935002012110530000 111
0.62088089450180950000 112
0.61288582469184050000 113
0.60496623101485747000 114
0.59546323404376456000 115
0.58930451684959295000 116
0.58051818442047420000 117
0.57304682155782460000 118
0.56527166720996036000 119
0.55855384261958485000 120
0.55094387407298528000 121
0.54470340192691158000 122
0.53732293753432780000 123
0.53069473292737046000 124
0.52255236291571394000 125
0.51732777662351781000 126
0.51008651160463625000 127
0.50313788209913624000 128
0.49712670804799497000 129
0.49107144483223425000 130
0.48634695614753709000 131
0.48063886224585683000 132
0.47402386686878351000 133
0.46903905845376676000 134
0.46374556786451565000 135
0.45786758734981775000 136
0.45380598972924091000 137
0.44897657085834697000 138
0.44531766089133323000 139
0.44101461300405109000 140
0.43624303153577554000 141
0.43247662134658377000 142
0.42898871600492333000 143
0.42516172904506028000 144
0.42216813785608859000 145
0.41891859830968275000 146
0.41562418345392627000 147
0.41217745228390457000 148
0.41017167726108666000 149
0.40699677992762667000 150
0.40432209568806349000 151
0.40240280664461175000 152
0.40025279360503135000 153
0.39823533574595188000 154
0.39613832896824847000 155
0.39517096123994572000 156
0.39271925558963561000 157
0.39085271353959922000 158
0.38881361528945285000 159
0.38738568980685295000 160
0.38729484002685305000 161
0.38602821379781077000 162
0.38361199071845087000 163
0.38308993636742517000 164
0.38053136502784368000 165
0.37988617703931998000 166
0.37919398255000830000 167
0.37839285167548631000 168
0.37738407985223987000 169
0.37700673900658499000 170
0.37577576655426265000 171
0.37500423864204813000 172
0.37425194450824950000 173
0.37282362433874489000 174
0.37183783498031536000 175
0.37104049817726603000 176
0.37106720191077130000 177
0.37036680350377638000 178
0.36936283203451326000 179
0.36866062593104126000 180
0.36853535395115272000 181
0.36811047204940800000 182
0.36690931008363226000 183
0.36693158382558760000 184
0.36750083229585551000 185
0.36720397326757970000 186
0.36628691548821996000 187
0.36653581433983851000 188
0.36583450309683019000 189
0.36449290328784018000 190
0.36455313907462494000 191
0.36321177112511688000 192
0.36431861447031383000 193
0.36446511979261348000 194
0.36399043266390069000 195
0.36327157233746488000 196
0.36276226994108746000 197
0.36291163273205579000 198
0.36230752952731671000 199
0.36210463149471539000 200
0.36194458143326480000 201
0.36131223898096937000 202
0.36082576124897398000 203
0.36180340019210394000 204
0.36063916059772516000 205
0.36100766198331902000 206
0.36117280087981285000 207
0.36040419497349041000 208
0.36036760448796112000 209
0.36052574579595270000 210
0.36032368610629434000 211
0.36050087118975221000 212
0.36092621425094801000 213
0.36020918836013671000 214
0.36028532924265716000 215
0.36095173100025651000 216
0.36017294526682336000 217
0.36112477867487502000 218
0.36012092903446269000 219
0.35962832035013276000 220
0.36005995415568975000 221
0.36047234706453624000 222
0.36041926799878787000 223
0.36030379727486495000 224
0.36098318396011836000 225
0.36009746307200680000 226
0.36119888734730993000 227
0.36047635341429801000 228
0.36109267671801526000 229
0.36082677879780256000 230
0.36123253731230970000 231
0.36097828558669898000 232
0.36127559956528904000 233
0.36173842633027586000 234
0.36107099430910111000 235
0.36088859518756150000 236
0.36094865267595894000 237
0.36186168137563879000 238
0.36148108208391044000 239
0.36182477478043956000 240
0.36214613875043850000 241
0.36251230534599721000 242
0.36281867154121039000 243
0.36278012521965181000 244
0.36325178613589226000 245
0.36298328917917455000 246
0.36219032239028853000 247
0.36282068206986356000 248
0.36337781869953467000 249
0.36441380212391700000 250
0.36394093098057079000 251
0.36512542449168217000 252
0.36599391927040886000 253
0.36646055683876899000 254
0.36534459580623679000 255
0.36616018941506001000 256
