  1 1.0000 0.0000
  2 0.9985 0.0055
  3 0.9966 0.0110
  4 0.9947 0.0165
  5 0.9925 0.0219
  6 0.9910 0.0274
  7 0.9887 0.0329
  8 0.9864 0.0384
  9 0.9841 0.0440
 10 0.9818 0.0498
 11 0.9795 0.0558
 12 0.9768 0.0622
 13 0.9745 0.0690
 14 0.9718 0.0762
 15 0.9691 0.0839
 16 0.9664 0.0920
 17 0.9637 0.1005
 18 0.9606 0.1093
 19 0.9578 0.1184
 20 0.9547 0.1278
 21 0.9511 0.1372
 22 0.9480 0.1468
 23 0.9444 0.1565
 24 0.9408 0.1663
 25 0.9372 0.1761
 26 0.9332 0.1860
 27 0.9296 0.1961
 28 0.9255 0.2062
 29 0.9215 0.2165
 30 0.9174 0.2268
 31 0.9129 0.2373
 32 0.9083 0.2480
 33 0.9038 0.2589
 34 0.8988 0.2699
 35 0.8942 0.2813
 36 0.8891 0.2930
 37 0.8840 0.3051
 38 0.8785 0.3177
 39 0.8734 0.3306
 40 0.8673 0.3439
 41 0.8619 0.3577
 42 0.8560 0.3718
 43 0.8500 0.3863
 44 0.8437 0.4011
 45 0.8373 0.4162
 46 0.8306 0.4316
 47 0.8238 0.4473
 48 0.8169 0.4633
 49 0.8113 0.4796
 50 0.8020 0.4963
 51 0.7944 0.5134
 52 0.7867 0.5310
 53 0.7787 0.5490
 54 0.7704 0.5675
 55 0.7620 0.5865
 56 0.7536 0.6061
 57 0.7449 0.6264
 58 0.7359 0.6473
 59 0.7267 0.6690
 60 0.7174 0.6914
 61 0.7078 0.7147
 62 0.6979 0.7387
 63 0.6879 0.7636
 64 0.6776 0.7895
 65 0.6671 0.8162
 66 0.6562 0.8439
 67 0.6457 0.8726
 68 0.6348 0.9025
 69 0.6239 0.9335
 70 0.6127 0.9658
 71 0.6012 0.9995
 72 0.5899 1.0347
 73 0.5785 1.0715
 74 0.5671 1.1100
 75 0.5561 1.1502
 76 0.5439 1.1923
 77 0.5325 1.2362
 78 0.5211 1.2821
 79 0.5100 1.3300
 80 0.4988 1.3800
 81 0.4876 1.4323
 82 0.4769 1.4868
 83 0.4671 1.5437
 84 0.4574 1.6031
 85 0.4483 1.6650
 86 0.4398 1.7295
 87 0.4322 1.7964
 88 0.4247 1.8658
 89 0.4185 1.9377
 90 0.4133 2.0118
 91 0.4092 2.0881
 92 0.4059 2.1664
 93 0.4038 2.2464
 94 0.4029 2.3279
 95 0.4033 2.4105
 96 0.4048 2.4938
 97 0.4077 2.5774
 98 0.4116 2.6609
 99 0.4168 2.7437
100 0.4231 2.8255
101 0.4304 2.9059
102 0.4386 2.9845
103 0.4478 3.0611
104 0.4578 3.1354
105 0.4683 3.2074
106 0.4797 3.2767
107 0.4916 3.3435
108 0.5045 3.4076
109 0.5170 3.4691
110 0.5299 3.5280
111 0.5432 3.5843
112 0.5568 3.6381
113 0.5710 3.6896
114 0.5849 3.7387
115 0.5984 3.7856
116 0.6118 3.8304
117 0.6252 3.8732
118 0.6443 3.9140
119 0.6516 3.9529
120 0.6644 3.9900
121 0.6768 4.0254
122 0.6893 4.0591
123 0.7014 4.0913
124 0.7132 4.1221
125 0.7245 4.1515
126 0.7357 4.1798
127 0.7467 4.2069
128 0.7572 4.2331
129 0.7674 4.2582
130 0.7772 4.2825
131 0.7868 4.3058
132 0.7959 4.3283
133 0.8048 4.3499
134 0.8132 4.3705
135 0.8215 4.3903
136 0.8295 4.4093
137 0.8370 4.4274
138 0.8443 4.4448
139 0.8513 4.4616
140 0.8581 4.4777
141 0.8646 4.4934
142 0.8708 4.5087
143 0.8768 4.5237
144 0.8828 4.5384
145 0.8887 4.5529
146 0.8938 4.5672
147 0.8988 4.5811
148 0.9038 4.5946
149 0.9083 4.6077
150 0.9129 4.6202
151 0.9170 4.6321
152 0.9215 4.6433
153 0.9251 4.6538
154 0.9288 4.6637
155 0.9324 4.6729
156 0.9356 4.6816
157 0.9392 4.6897
158 0.9420 4.6974
159 0.9450 4.7048
160 0.9480 4.7117
161 0.9507 4.7183
162 0.9531 4.7245
163 0.9559 4.7304
164 0.9582 4.7360
165 0.9602 4.7412
166 0.9621 4.7462
167 0.9645 4.7509
168 0.9664 4.7553
169 0.9680 4.7594
170 0.9695 4.7633
171 0.9714 4.7669
172 0.9726 4.7703
173 0.9741 4.7735
174 0.9757 4.7764
175 0.9772 4.7792
176 0.9784 4.7819
177 0.9795 4.7846
178 0.9811 4.7873
179 0.9818 4.7900
180 0.9830 4.7927
181 0.9841 4.7954
182 0.9853 4.7980
183 0.9860 4.8004
184 0.9868 4.8027
185 0.9879 4.8046
186 0.9883 4.8062
187 0.9891 4.8075
188 0.9898 4.8086
189 0.9906 4.8094
190 0.9910 4.8102
191 0.9917 4.8110
192 0.9921 4.8119
193 0.9922 4.8129
194 0.9932 4.8143
195 0.9936 4.8159
196 0.9940 4.8178
197 0.9944 4.8199
198 0.9947 4.8222
199 0.9951 4.8245
200 0.9951 4.8267
201 0.9951 4.8288
202 0.9959 4.8306
203 0.9962 4.8322
204 0.9966 4.8334
205 0.9966 4.8343
206 0.9966 4.8350
207 0.9966 4.8354
208 0.9966 4.8356
209 0.9966 4.8355
210 0.9970 4.8354
211 0.9970 4.8351
212 0.9970 4.8347
213 0.9970 4.8343
214 0.9970 4.8337
215 0.9970 4.8331
216 0.9966 4.8323
217 0.9966 4.8315
218 0.9966 4.8307
219 0.9959 4.8297
220 0.9959 4.8287
221 0.9955 4.8277
222 0.9955 4.8266
223 0.9947 4.8256
224 0.9947 4.8246
225 0.9944 4.8237
226 0.9936 4.8228
227 0.9936 4.8219
228 0.9928 4.8211
229 0.9921 4.8201
230 0.9913 4.8191
231 0.9906 4.8180
232 0.9902 4.8166
233 0.9891 4.8151
234 0.9879 4.8133
235 0.9879 4.8114
236 0.9860 4.8093
237 0.9860 4.8071
238 0.9841 4.8048
239 0.9833 4.8025
240 0.9818 4.8001
241 0.9803 4.7977
242 0.9784 4.7952
243 0.9772 4.7925
244 0.9753 4.7896
245 0.9734 4.7863
246 0.9718 4.7828
247 0.9695 4.7791
248 0.9672 4.7751
249 0.9648 4.7711
250 0.9625 4.7672
251 0.9590 4.7637
252 0.9563 4.7606
253 0.9531 4.7580
254 0.9492 4.7561
255 0.9464 4.7544
256 0.9432 4.7536
