  1 1.0000 0.0000
  2 0.9977 0.0099
  3 0.9954 0.0194
  4 0.9932 0.0289
  5 0.9909 0.0381
  6 0.9886 0.0472
  7 0.9861 0.0562
  8 0.9838 0.0650
  9 0.9811 0.0738
 10 0.9786 0.0826
 11 0.9754 0.0914
 12 0.9727 0.1002
 13 0.9700 0.1090
 14 0.9673 0.1179
 15 0.9640 0.1267
 16 0.9609 0.1356
 17 0.9579 0.1443
 18 0.9542 0.1531
 19 0.9513 0.1618
 20 0.9476 0.1705
 21 0.9439 0.1792
 22 0.9402 0.1879
 23 0.9364 0.1969
 24 0.9327 0.2060
 25 0.9284 0.2154
 26 0.9244 0.2251
 27 0.9202 0.2351
 28 0.9161 0.2455
 29 0.9115 0.2561
 30 0.9069 0.2670
 31 0.9021 0.2781
 32 0.8970 0.2893
 33 0.8918 0.3007
 34 0.8870 0.3122
 35 0.8810 0.3239
 36 0.8760 0.3356
 37 0.8707 0.3476
 38 0.8649 0.3597
 39 0.8585 0.3721
 40 0.8528 0.3847
 41 0.8467 0.3975
 42 0.8401 0.4106
 43 0.8337 0.4241
 44 0.8264 0.4379
 45 0.8193 0.4520
 46 0.8121 0.4664
 47 0.8049 0.4811
 48 0.7973 0.4962
 49 0.7891 0.5115
 50 0.7818 0.5270
 51 0.7737 0.5428
 52 0.7655 0.5589
 53 0.7564 0.5752
 54 0.7488 0.5918
 55 0.7395 0.6087
 56 0.7302 0.6259
 57 0.7204 0.6433
 58 0.7107 0.6610
 59 0.7006 0.6788
 60 0.6902 0.6968
 61 0.6794 0.7151
 62 0.6678 0.7338
 63 0.6574 0.7530
 64 0.6467 0.7728
 65 0.6347 0.7935
 66 0.6235 0.8151
 67 0.6111 0.8377
 68 0.5995 0.8613
 69 0.5872 0.8859
 70 0.5745 0.9112
 71 0.5616 0.9372
 72 0.5484 0.9638
 73 0.5355 0.9910
 74 0.5222 1.0189
 75 0.5087 1.0477
 76 0.4944 1.0778
 77 0.4807 1.1097
 78 0.4667 1.1437
 79 0.4531 1.1806
 80 0.4388 1.2206
 81 0.4241 1.2642
 82 0.4097 1.3118
 83 0.3954 1.3633
 84 0.3816 1.4191
 85 0.3679 1.4790
 86 0.3546 1.5428
 87 0.3415 1.6106
 88 0.3288 1.6818
 89 0.3170 1.7565
 90 0.3051 1.8341
 91 0.2946 1.9146
 92 0.2849 1.9978
 93 0.2762 2.0835
 94 0.2690 2.1716
 95 0.2633 2.2622
 96 0.2593 2.3552
 97 0.2570 2.4506
 98 0.2564 2.5484
 99 0.2580 2.6483
100 0.2616 2.7500
101 0.2670 2.8532
102 0.2742 2.9573
103 0.2829 3.0616
104 0.2933 3.1654
105 0.3048 3.2678
106 0.3177 3.3680
107 0.3328 3.4652
108 0.3476 3.5588
109 0.3622 3.6482
110 0.3762 3.7329
111 0.3938 3.8127
112 0.4095 3.8875
113 0.4271 3.9572
114 0.4447 4.0222
115 0.4611 4.0826
116 0.4785 4.1388
117 0.4954 4.1911
118 0.5126 4.2399
119 0.5297 4.2855
120 0.5463 4.3282
121 0.5621 4.3683
122 0.5790 4.4059
123 0.5945 4.4413
124 0.6101 4.4745
125 0.6251 4.5057
126 0.6396 4.5350
127 0.6553 4.5624
128 0.6687 4.5880
129 0.6814 4.6119
130 0.6946 4.6341
131 0.7066 4.6548
132 0.7184 4.6741
133 0.7300 4.6922
134 0.7404 4.7092
135 0.7508 4.7253
136 0.7600 4.7406
137 0.7701 4.7553
138 0.7791 4.7695
139 0.7880 4.7832
140 0.7960 4.7965
141 0.8030 4.8093
142 0.8108 4.8217
143 0.8176 4.8337
144 0.8245 4.8451
145 0.8312 4.8561
146 0.8371 4.8666
147 0.8429 4.8765
148 0.8479 4.8858
149 0.8528 4.8944
150 0.8577 4.9024
151 0.8618 4.9096
152 0.8658 4.9160
153 0.8699 4.9216
154 0.8739 4.9266
155 0.8771 4.9309
156 0.8810 4.9347
157 0.8834 4.9383
158 0.8860 4.9416
159 0.8897 4.9450
160 0.8921 4.9484
161 0.8952 4.9519
162 0.8975 4.9556
163 0.8999 4.9594
164 0.9022 4.9633
165 0.9045 4.9672
166 0.9069 4.9709
167 0.9084 4.9744
168 0.9099 4.9777
169 0.9115 4.9806
170 0.9138 4.9832
171 0.9153 4.9854
172 0.9168 4.9873
173 0.9183 4.9888
174 0.9191 4.9900
175 0.9206 4.9910
176 0.9214 4.9918
177 0.9229 4.9925
178 0.9237 4.9931
179 0.9252 4.9940
180 0.9267 4.9951
181 0.9274 4.9966
182 0.9282 4.9986
183 0.9289 5.0011
184 0.9297 5.0042
185 0.9312 5.0076
186 0.9320 5.0114
187 0.9327 5.0153
188 0.9334 5.0191
189 0.9338 5.0227
190 0.9342 5.0258
191 0.9349 5.0284
192 0.9357 5.0305
193 0.9364 5.0320
194 0.9364 5.0330
195 0.9372 5.0337
196 0.9372 5.0342
197 0.9379 5.0347
198 0.9383 5.0353
199 0.9387 5.0360
200 0.9394 5.0371
201 0.9394 5.0386
202 0.9402 5.0403
203 0.9402 5.0422
204 0.9402 5.0442
205 0.9409 5.0462
206 0.9409 5.0481
207 0.9409 5.0498
208 0.9417 5.0514
209 0.9417 5.0528
210 0.9417 5.0542
211 0.9424 5.0556
212 0.9424 5.0571
213 0.9424 5.0588
214 0.9424 5.0606
215 0.9431 5.0623
216 0.9431 5.0638
217 0.9431 5.0650
218 0.9431 5.0656
219 0.9431 5.0655
220 0.9431 5.0647
221 0.9431 5.0632
222 0.9431 5.0613
223 0.9431 5.0590
224 0.9439 5.0567
225 0.9439 5.0545
226 0.9439 5.0526
227 0.9439 5.0511
228 0.9431 5.0502
229 0.9431 5.0497
230 0.9431 5.0497
231 0.9431 5.0500
232 0.9424 5.0507
233 0.9424 5.0514
234 0.9424 5.0522
235 0.9424 5.0528
236 0.9424 5.0532
237 0.9417 5.0534
238 0.9417 5.0533
239 0.9417 5.0529
240 0.9417 5.0522
241 0.9409 5.0514
242 0.9409 5.0505
243 0.9409 5.0495
244 0.9402 5.0486
245 0.9402 5.0477
246 0.9387 5.0469
247 0.9387 5.0461
248 0.9387 5.0451
249 0.9379 5.0439
250 0.9379 5.0424
251 0.9364 5.0403
252 0.9364 5.0377
253 0.9349 5.0346
254 0.9349 5.0308
255 0.9334 5.0269
256 0.9334 5.0221
